J601_1.RCP 77 [1, 3, 4, 2, 14, 7, 8, 10, 29, 15, 5, 20, 11, 12, 9, 16, 22, 13, 41, 6, 27, 17, 19, 45, 35, 18, 31, 46, 37, 36, 28, 21, 43, 33, 58, 47, 26, 42, 25, 24, 52, 48, 34, 54, 23, 40, 49, 44, 39, 51, 38, 30, 55, 60, 53, 56, 50, 32, 57, 59, 61, 62]
J601_10.RCP 80 [1, 2, 4, 6, 7, 3, 5, 9, 16, 40, 15, 8, 10, 31, 13, 39, 17, 12, 29, 18, 20, 11, 27, 33, 22, 50, 14, 41, 32, 30, 24, 21, 52, 42, 19, 34, 35, 49, 44, 23, 25, 37, 38, 43, 28, 46, 55, 57, 26, 48, 51, 45, 56, 53, 54, 58, 36, 47, 60, 59, 61, 62]
J601_2.RCP 72 [1, 2, 3, 5, 6, 11, 23, 13, 7, 8, 9, 14, 15, 4, 28, 10, 16, 19, 29, 12, 21, 18, 20, 49, 34, 36, 27, 30, 26, 48, 17, 25, 32, 46, 31, 33, 37, 38, 24, 40, 47, 39, 35, 43, 50, 44, 56, 51, 42, 53, 52, 45, 54, 59, 22, 60, 41, 55, 57, 58, 61, 62]
J601_3.RCP 70 [1, 3, 2, 7, 9, 11, 18, 10, 4, 27, 5, 26, 34, 13, 19, 17, 37, 12, 8, 15, 21, 25, 16, 40, 22, 29, 20, 23, 41, 6, 45, 35, 33, 28, 36, 30, 39, 38, 44, 42, 43, 46, 51, 50, 24, 56, 49, 32, 52, 53, 54, 58, 55, 31, 14, 57, 59, 47, 61, 48, 60, 62]
J601_4.RCP 91 [1, 2, 3, 4, 8, 6, 7, 13, 10, 18, 12, 11, 32, 9, 20, 14, 5, 15, 30, 22, 28, 29, 16, 42, 35, 17, 21, 39, 33, 36, 34, 43, 38, 44, 24, 25, 37, 23, 40, 49, 46, 19, 27, 47, 31, 55, 54, 50, 52, 26, 58, 53, 41, 56, 45, 48, 57, 51, 60, 61, 59, 62]
J601_5.RCP 73 [1, 2, 4, 3, 20, 5, 12, 10, 9, 24, 7, 42, 34, 21, 8, 6, 11, 14, 33, 39, 18, 28, 15, 17, 13, 31, 26, 23, 46, 22, 25, 16, 19, 38, 53, 30, 44, 43, 49, 32, 54, 51, 27, 36, 35, 29, 48, 40, 45, 52, 37, 55, 58, 41, 61, 59, 47, 57, 50, 56, 60, 62]
J601_6.RCP 66 [1, 2, 3, 16, 33, 5, 44, 4, 22, 50, 24, 39, 23, 43, 6, 32, 7, 18, 13, 19, 10, 9, 26, 12, 15, 14, 35, 40, 8, 20, 29, 27, 17, 11, 21, 31, 46, 28, 30, 51, 48, 37, 42, 47, 36, 38, 56, 45, 41, 54, 49, 25, 53, 34, 52, 59, 58, 60, 55, 57, 61, 62]
J601_7.RCP 75 [1, 4, 3, 7, 14, 2, 19, 11, 17, 32, 41, 5, 8, 13, 12, 6, 18, 29, 26, 20, 15, 16, 28, 22, 10, 47, 45, 31, 50, 34, 39, 38, 33, 21, 24, 55, 30, 42, 48, 37, 23, 56, 49, 35, 36, 9, 51, 57, 25, 52, 27, 40, 59, 54, 44, 53, 43, 46, 58, 61, 60, 62]
J601_8.RCP 76 [1, 4, 3, 7, 8, 16, 6, 20, 5, 9, 12, 29, 24, 10, 17, 22, 35, 23, 15, 11, 13, 28, 25, 27, 38, 19, 18, 21, 26, 14, 31, 40, 42, 55, 37, 30, 43, 32, 46, 36, 33, 44, 45, 39, 54, 41, 51, 56, 47, 48, 34, 49, 2, 53, 58, 52, 57, 60, 50, 59, 61, 62]
J601_9.RCP 88 [1, 4, 2, 8, 26, 5, 3, 10, 6, 21, 12, 13, 25, 17, 7, 36, 22, 19, 14, 9, 30, 29, 15, 27, 33, 31, 18, 39, 32, 37, 16, 45, 46, 20, 34, 28, 40, 41, 47, 50, 43, 48, 54, 35, 53, 55, 38, 24, 11, 51, 58, 42, 49, 52, 57, 56, 23, 44, 61, 60, 59, 62]
J602_1.RCP 65 [1, 2, 3, 7, 10, 4, 5, 6, 11, 29, 9, 14, 8, 18, 30, 17, 35, 24, 41, 23, 21, 15, 12, 20, 45, 33, 42, 13, 16, 44, 31, 26, 32, 27, 39, 37, 52, 43, 34, 51, 47, 38, 48, 28, 58, 53, 54, 22, 57, 25, 46, 19, 36, 40, 49, 55, 61, 50, 60, 56, 59, 62]
J602_10.RCP 69 [1, 2, 3, 4, 7, 5, 12, 9, 6, 8, 11, 14, 20, 16, 21, 36, 15, 27, 33, 18, 26, 42, 19, 34, 43, 37, 13, 29, 39, 47, 40, 35, 22, 38, 44, 31, 32, 49, 50, 23, 25, 41, 28, 45, 53, 52, 55, 24, 30, 56, 48, 46, 57, 61, 54, 51, 10, 58, 17, 59, 60, 62]
J602_2.RCP 82 [1, 3, 2, 4, 5, 10, 7, 22, 9, 6, 8, 11, 23, 15, 12, 29, 14, 19, 35, 40, 13, 17, 16, 18, 24, 20, 30, 25, 38, 21, 44, 31, 36, 32, 52, 28, 26, 27, 37, 53, 39, 54, 41, 56, 33, 55, 42, 50, 58, 34, 43, 47, 45, 46, 49, 51, 57, 48, 59, 61, 60, 62]
J602_3.RCP 78 [1, 3, 2, 6, 23, 4, 10, 7, 12, 11, 26, 9, 8, 39, 18, 31, 17, 58, 25, 21, 13, 19, 36, 20, 16, 22, 27, 33, 15, 46, 40, 37, 24, 34, 50, 45, 5, 28, 53, 29, 51, 38, 41, 43, 14, 30, 35, 54, 42, 44, 48, 52, 32, 47, 61, 57, 55, 56, 49, 60, 59, 62]
J602_4.RCP 78 [1, 4, 3, 2, 5, 8, 6, 20, 14, 30, 16, 23, 9, 7, 42, 12, 32, 24, 46, 39, 11, 10, 31, 33, 13, 25, 38, 17, 19, 26, 53, 43, 18, 41, 21, 34, 52, 48, 35, 15, 28, 44, 22, 45, 55, 49, 36, 50, 59, 27, 37, 47, 51, 29, 56, 57, 54, 58, 61, 40, 60, 62]
J602_5.RCP 54 [1, 4, 3, 2, 9, 8, 15, 10, 6, 14, 16, 13, 17, 21, 18, 29, 25, 12, 7, 19, 26, 32, 30, 5, 33, 35, 41, 37, 38, 22, 20, 51, 24, 28, 43, 27, 36, 39, 44, 34, 42, 45, 23, 31, 11, 40, 49, 50, 47, 56, 57, 53, 55, 52, 46, 54, 60, 48, 58, 61, 59, 62]
J602_6.RCP 64 [1, 4, 3, 5, 2, 9, 6, 7, 17, 15, 14, 12, 18, 20, 13, 23, 19, 25, 26, 40, 16, 37, 8, 30, 24, 32, 42, 50, 10, 35, 27, 21, 46, 41, 31, 47, 38, 39, 45, 43, 53, 11, 22, 33, 28, 34, 29, 49, 48, 52, 57, 58, 36, 44, 56, 51, 55, 54, 59, 61, 60, 62]
J602_7.RCP 53 [1, 2, 3, 13, 6, 5, 4, 20, 7, 8, 25, 16, 31, 30, 15, 18, 11, 17, 10, 26, 12, 22, 14, 29, 28, 19, 42, 9, 21, 38, 36, 45, 34, 44, 32, 24, 23, 37, 35, 41, 33, 49, 52, 50, 39, 51, 47, 43, 27, 40, 58, 54, 46, 56, 55, 53, 48, 61, 57, 59, 60, 62]
J602_8.RCP 66 [1, 4, 3, 2, 6, 11, 7, 10, 15, 14, 9, 58, 24, 5, 19, 16, 20, 38, 22, 40, 26, 28, 36, 12, 18, 25, 21, 13, 32, 29, 35, 34, 46, 23, 31, 48, 27, 44, 30, 37, 49, 51, 41, 47, 42, 56, 43, 33, 55, 50, 39, 57, 45, 53, 52, 8, 59, 17, 54, 61, 60, 62]
J602_9.RCP 65 [1, 3, 4, 20, 8, 6, 39, 14, 2, 23, 15, 26, 5, 9, 13, 28, 27, 19, 11, 21, 18, 24, 33, 46, 25, 22, 10, 7, 29, 40, 34, 17, 31, 43, 16, 35, 30, 36, 41, 12, 47, 44, 48, 52, 49, 57, 50, 38, 53, 42, 58, 37, 32, 59, 51, 60, 54, 45, 56, 55, 61, 62]
J603_1.RCP 60 [1, 2, 3, 4, 5, 15, 6, 24, 13, 16, 7, 14, 20, 21, 29, 23, 25, 11, 8, 30, 45, 17, 34, 28, 27, 26, 12, 39, 49, 31, 47, 33, 36, 32, 41, 40, 48, 35, 9, 43, 50, 51, 38, 10, 52, 44, 54, 18, 46, 19, 53, 37, 55, 22, 42, 58, 57, 59, 61, 56, 60, 62]
J603_10.RCP 69 [1, 2, 4, 5, 3, 11, 6, 32, 13, 19, 10, 7, 17, 20, 9, 15, 22, 12, 27, 24, 30, 16, 36, 14, 34, 18, 51, 28, 33, 29, 39, 25, 31, 38, 21, 52, 48, 45, 23, 42, 35, 47, 26, 46, 37, 49, 44, 50, 55, 40, 54, 58, 41, 43, 8, 61, 56, 53, 59, 57, 60, 62]
J603_2.RCP 69 [1, 4, 2, 3, 17, 5, 7, 15, 6, 19, 9, 18, 11, 16, 8, 31, 24, 35, 28, 32, 34, 38, 12, 21, 40, 33, 26, 30, 10, 47, 13, 42, 37, 22, 14, 44, 45, 54, 36, 48, 20, 39, 51, 27, 29, 23, 50, 25, 56, 41, 43, 57, 46, 58, 55, 53, 49, 52, 59, 60, 61, 62]
J603_3.RCP 105 [1, 4, 2, 3, 6, 5, 10, 30, 13, 20, 8, 28, 14, 38, 21, 7, 29, 26, 16, 39, 37, 17, 9, 11, 25, 15, 18, 35, 54, 44, 19, 23, 36, 24, 27, 34, 31, 50, 53, 33, 43, 22, 40, 41, 12, 60, 32, 49, 47, 51, 42, 45, 55, 52, 56, 46, 48, 61, 57, 58, 59, 62]
J603_4.RCP 81 [1, 4, 2, 3, 8, 6, 12, 16, 5, 7, 9, 11, 10, 18, 17, 25, 15, 28, 22, 14, 20, 35, 21, 38, 27, 31, 45, 24, 23, 36, 37, 29, 40, 39, 26, 46, 50, 43, 47, 19, 48, 52, 42, 51, 49, 33, 30, 41, 44, 13, 55, 32, 53, 57, 56, 34, 54, 58, 60, 59, 61, 62]
J603_5.RCP 83 [1, 4, 2, 3, 5, 16, 6, 11, 7, 13, 10, 24, 17, 22, 9, 15, 12, 8, 30, 19, 31, 43, 36, 21, 54, 23, 34, 32, 50, 38, 14, 18, 27, 46, 44, 42, 51, 41, 28, 20, 29, 37, 25, 53, 47, 40, 52, 45, 26, 55, 35, 57, 49, 58, 39, 48, 33, 56, 59, 61, 60, 62]
J603_6.RCP 57 [1, 3, 2, 4, 7, 9, 5, 8, 39, 6, 11, 13, 17, 10, 14, 18, 49, 41, 23, 12, 16, 15, 26, 21, 22, 37, 46, 30, 19, 42, 29, 25, 45, 52, 32, 55, 33, 20, 51, 34, 48, 44, 28, 31, 38, 56, 50, 24, 35, 54, 40, 57, 27, 47, 53, 36, 58, 43, 61, 59, 60, 62]
J603_7.RCP 59 [1, 2, 3, 5, 50, 6, 9, 7, 8, 4, 20, 29, 14, 17, 23, 21, 12, 11, 19, 15, 16, 34, 24, 33, 31, 26, 55, 25, 37, 35, 32, 22, 18, 28, 13, 45, 57, 38, 39, 36, 46, 42, 44, 49, 10, 52, 41, 43, 51, 47, 30, 54, 56, 48, 53, 27, 58, 59, 40, 60, 61, 62]
J603_8.RCP 56 [1, 4, 3, 12, 7, 22, 5, 11, 25, 9, 2, 15, 21, 6, 19, 17, 8, 28, 18, 13, 20, 14, 37, 24, 40, 29, 32, 31, 36, 10, 41, 26, 23, 51, 44, 16, 39, 33, 35, 30, 55, 45, 43, 34, 46, 53, 52, 48, 27, 54, 42, 47, 56, 38, 57, 58, 49, 59, 50, 61, 60, 62]
J603_9.RCP 67 [1, 3, 2, 4, 5, 6, 14, 12, 7, 16, 13, 28, 21, 8, 15, 11, 10, 19, 39, 40, 17, 18, 31, 26, 9, 41, 29, 32, 33, 27, 24, 30, 37, 22, 34, 35, 36, 38, 48, 25, 50, 23, 53, 47, 42, 61, 44, 55, 43, 51, 45, 20, 52, 54, 56, 46, 57, 49, 60, 58, 59, 62]
J604_1.RCP 84 [1, 4, 2, 3, 13, 6, 5, 14, 21, 32, 7, 47, 8, 9, 11, 12, 10, 28, 16, 29, 19, 30, 33, 49, 31, 42, 25, 18, 15, 40, 24, 23, 27, 35, 36, 20, 37, 56, 50, 53, 17, 26, 41, 45, 44, 34, 57, 22, 48, 43, 38, 58, 54, 46, 55, 39, 61, 51, 52, 59, 60, 62]
J604_10.RCP 77 [1, 4, 2, 16, 6, 3, 15, 33, 10, 5, 8, 30, 12, 22, 9, 14, 27, 24, 13, 21, 31, 19, 35, 42, 32, 11, 51, 26, 25, 37, 34, 20, 41, 38, 39, 36, 18, 44, 45, 53, 55, 46, 7, 17, 23, 40, 28, 56, 48, 47, 49, 50, 52, 54, 29, 57, 43, 58, 61, 60, 59, 62]
J604_2.RCP 60 [1, 3, 4, 5, 6, 2, 12, 7, 27, 13, 16, 11, 8, 14, 10, 21, 28, 15, 20, 19, 51, 25, 26, 17, 24, 31, 34, 32, 36, 33, 9, 37, 35, 41, 52, 44, 18, 50, 46, 38, 30, 43, 22, 39, 29, 42, 23, 53, 47, 54, 48, 45, 40, 49, 57, 58, 61, 56, 55, 60, 59, 62]
J604_3.RCP 58 [1, 2, 3, 5, 13, 8, 10, 20, 17, 19, 7, 12, 11, 38, 9, 6, 16, 49, 21, 24, 23, 33, 30, 22, 18, 4, 35, 32, 14, 26, 15, 27, 34, 45, 28, 42, 25, 39, 29, 52, 40, 47, 48, 36, 46, 41, 37, 44, 31, 53, 56, 43, 54, 51, 50, 57, 55, 59, 58, 60, 61, 62]
J604_4.RCP 65 [1, 2, 3, 8, 5, 4, 13, 7, 10, 6, 11, 36, 30, 17, 22, 33, 9, 21, 14, 12, 23, 27, 15, 38, 34, 25, 24, 43, 28, 51, 35, 19, 18, 40, 16, 39, 37, 31, 29, 20, 47, 46, 42, 26, 32, 41, 48, 44, 52, 56, 49, 45, 53, 57, 50, 55, 60, 54, 58, 59, 61, 62]
J604_5.RCP 75 [1, 4, 2, 3, 5, 6, 16, 7, 23, 35, 9, 12, 10, 8, 13, 14, 11, 29, 27, 30, 17, 32, 25, 18, 36, 15, 38, 43, 19, 26, 20, 44, 34, 28, 41, 51, 21, 40, 55, 46, 37, 31, 53, 49, 22, 50, 47, 24, 56, 45, 39, 42, 54, 48, 52, 58, 33, 57, 61, 59, 60, 62]
J604_6.RCP 71 [1, 3, 2, 11, 27, 6, 4, 5, 12, 19, 8, 17, 30, 7, 18, 14, 31, 34, 13, 28, 15, 36, 22, 20, 49, 24, 16, 38, 23, 41, 45, 52, 32, 33, 35, 39, 10, 25, 42, 21, 26, 50, 40, 29, 55, 37, 47, 57, 53, 48, 43, 9, 58, 51, 46, 61, 44, 54, 56, 60, 59, 62]
J604_7.RCP 67 [1, 2, 3, 4, 13, 8, 29, 19, 16, 5, 20, 23, 6, 10, 7, 24, 12, 22, 9, 34, 33, 14, 26, 21, 31, 32, 18, 45, 50, 37, 30, 35, 15, 38, 17, 48, 36, 27, 39, 41, 55, 51, 49, 28, 52, 11, 54, 42, 47, 44, 40, 25, 58, 57, 43, 46, 53, 60, 56, 59, 61, 62]
J604_8.RCP 65 [1, 3, 4, 5, 6, 14, 9, 32, 8, 19, 29, 10, 18, 23, 22, 17, 12, 34, 13, 2, 7, 28, 38, 21, 27, 40, 33, 37, 35, 16, 36, 15, 24, 50, 26, 20, 41, 31, 48, 46, 49, 11, 47, 51, 30, 43, 53, 42, 39, 25, 45, 52, 56, 54, 55, 44, 58, 57, 61, 60, 59, 62]
J604_9.RCP 75 [1, 4, 3, 20, 2, 35, 8, 5, 7, 14, 32, 15, 6, 16, 10, 28, 11, 24, 9, 30, 22, 13, 38, 50, 17, 19, 23, 40, 26, 27, 43, 21, 36, 44, 39, 47, 29, 33, 54, 52, 48, 51, 25, 34, 45, 31, 12, 42, 41, 18, 46, 55, 53, 37, 57, 49, 60, 56, 58, 59, 61, 62]
J605_1.RCP 80 [1, 2, 4, 6, 16, 5, 3, 10, 13, 11, 35, 12, 7, 36, 17, 15, 23, 9, 8, 21, 31, 44, 24, 26, 14, 19, 33, 22, 30, 29, 20, 37, 46, 41, 18, 25, 38, 40, 28, 39, 43, 51, 54, 27, 32, 48, 47, 49, 52, 50, 34, 58, 55, 53, 56, 42, 45, 57, 60, 59, 61, 62]
J605_10.RCP 89 [1, 4, 3, 2, 11, 5, 20, 9, 7, 17, 13, 35, 8, 18, 28, 37, 31, 48, 16, 34, 10, 22, 15, 14, 12, 25, 38, 33, 44, 19, 26, 39, 21, 29, 55, 6, 30, 32, 42, 45, 47, 43, 24, 40, 46, 50, 36, 49, 54, 23, 51, 58, 27, 52, 53, 56, 61, 41, 57, 60, 59, 62]
J605_2.RCP 122 [1, 4, 40, 3, 2, 19, 25, 39, 8, 5, 18, 35, 6, 15, 16, 9, 24, 23, 42, 54, 10, 11, 17, 7, 61, 47, 22, 14, 29, 20, 27, 38, 28, 26, 44, 34, 32, 13, 55, 36, 31, 30, 37, 46, 49, 48, 43, 53, 45, 33, 51, 12, 41, 56, 50, 58, 21, 57, 59, 52, 60, 62]
J605_3.RCP 86 [1, 4, 3, 15, 8, 2, 23, 18, 7, 5, 10, 12, 11, 9, 27, 16, 24, 6, 14, 26, 13, 19, 21, 17, 28, 30, 22, 38, 35, 45, 44, 29, 31, 25, 33, 42, 37, 34, 54, 36, 43, 39, 20, 48, 32, 49, 46, 52, 50, 41, 51, 55, 56, 57, 40, 58, 47, 53, 60, 59, 61, 62]
J605_4.RCP 79 [1, 3, 2, 4, 17, 22, 25, 21, 5, 13, 14, 7, 15, 12, 36, 6, 20, 8, 26, 9, 16, 44, 28, 39, 30, 38, 18, 43, 10, 35, 23, 34, 41, 33, 49, 52, 11, 27, 45, 48, 29, 32, 40, 37, 31, 19, 42, 46, 50, 47, 54, 51, 24, 58, 56, 61, 53, 55, 60, 57, 59, 62]
J605_5.RCP 118 [1, 2, 3, 11, 6, 4, 8, 13, 5, 17, 7, 9, 18, 21, 14, 10, 31, 12, 20, 32, 26, 33, 30, 22, 15, 23, 28, 27, 39, 35, 29, 19, 16, 24, 34, 41, 37, 40, 45, 43, 36, 53, 56, 47, 48, 50, 49, 57, 38, 58, 25, 42, 54, 44, 46, 52, 51, 55, 59, 60, 61, 62]
J605_6.RCP 81 [1, 3, 4, 2, 22, 5, 6, 9, 27, 7, 16, 8, 14, 19, 21, 15, 25, 13, 28, 18, 12, 42, 11, 23, 50, 10, 35, 49, 24, 48, 20, 51, 32, 17, 37, 30, 31, 33, 53, 36, 43, 34, 29, 39, 26, 44, 40, 47, 41, 46, 38, 54, 52, 55, 45, 58, 56, 57, 59, 60, 61, 62]
J605_7.RCP 82 [1, 2, 3, 4, 15, 6, 7, 20, 5, 8, 13, 9, 19, 32, 30, 11, 10, 37, 12, 18, 29, 23, 28, 24, 22, 33, 21, 42, 39, 43, 34, 38, 41, 14, 40, 51, 49, 31, 50, 16, 27, 52, 55, 17, 48, 36, 47, 53, 35, 26, 54, 44, 56, 58, 59, 45, 61, 25, 46, 57, 60, 62]
J605_8.RCP 85 [1, 4, 3, 11, 7, 8, 34, 10, 14, 2, 22, 16, 15, 28, 13, 5, 9, 6, 37, 21, 12, 20, 23, 30, 24, 29, 32, 38, 19, 39, 27, 17, 51, 18, 36, 46, 26, 47, 43, 41, 25, 48, 52, 31, 35, 53, 33, 55, 40, 44, 54, 56, 59, 57, 49, 42, 50, 45, 60, 58, 61, 62]
J605_9.RCP 87 [1, 4, 2, 3, 26, 5, 7, 22, 12, 11, 8, 24, 13, 17, 14, 16, 21, 6, 25, 19, 15, 10, 23, 9, 31, 33, 29, 44, 34, 20, 36, 39, 41, 37, 28, 43, 40, 46, 52, 47, 18, 42, 49, 56, 27, 50, 48, 45, 30, 51, 58, 53, 54, 55, 32, 38, 59, 57, 35, 61, 60, 62]
