J601_1.RCP 79 [1, 4, 2, 3, 5, 29, 7, 14, 8, 10, 15, 11, 6, 22, 9, 13, 25, 34, 12, 20, 45, 23, 24, 16, 41, 35, 19, 21, 27, 18, 31, 36, 44, 40, 28, 30, 33, 42, 26, 39, 37, 47, 17, 52, 49, 48, 38, 46, 53, 54, 32, 43, 51, 56, 58, 55, 50, 57, 60, 59, 61, 62]
J601_10.RCP 80 [1, 2, 4, 3, 6, 7, 16, 9, 15, 29, 5, 13, 10, 40, 8, 27, 12, 11, 33, 18, 31, 39, 20, 55, 23, 44, 22, 14, 47, 32, 24, 21, 17, 41, 26, 42, 52, 34, 60, 35, 19, 30, 49, 38, 25, 43, 50, 57, 51, 28, 37, 45, 36, 56, 53, 46, 54, 48, 58, 61, 59, 62]
J601_2.RCP 73 [1, 3, 2, 5, 6, 23, 13, 8, 29, 11, 16, 14, 12, 15, 9, 10, 18, 21, 19, 34, 4, 28, 20, 7, 36, 26, 17, 30, 27, 24, 49, 37, 32, 43, 25, 47, 46, 39, 44, 40, 33, 51, 42, 56, 38, 31, 50, 48, 41, 35, 52, 22, 53, 54, 45, 59, 55, 60, 57, 58, 61, 62]
J601_3.RCP 70 [1, 3, 2, 9, 7, 11, 4, 27, 18, 10, 17, 8, 13, 12, 26, 15, 34, 23, 16, 19, 21, 35, 25, 40, 5, 37, 20, 33, 6, 29, 38, 30, 44, 28, 39, 45, 22, 24, 42, 50, 49, 41, 32, 43, 51, 52, 36, 56, 57, 54, 53, 47, 46, 58, 55, 31, 59, 48, 14, 61, 60, 62]
J601_4.RCP 91 [1, 2, 4, 3, 5, 7, 8, 10, 9, 18, 12, 14, 6, 11, 30, 32, 13, 29, 22, 15, 17, 28, 19, 21, 36, 43, 39, 34, 38, 49, 44, 40, 23, 16, 33, 24, 20, 25, 46, 35, 37, 54, 47, 26, 45, 42, 50, 52, 53, 56, 41, 48, 57, 51, 31, 27, 55, 58, 60, 59, 61, 62]
J601_5.RCP 74 [1, 2, 4, 5, 12, 10, 9, 20, 24, 3, 7, 21, 42, 34, 6, 11, 23, 33, 14, 28, 22, 18, 13, 17, 46, 8, 25, 31, 39, 15, 26, 16, 44, 19, 30, 43, 53, 38, 52, 32, 49, 40, 27, 47, 29, 48, 51, 35, 54, 45, 36, 37, 55, 58, 41, 61, 50, 57, 59, 56, 60, 62]
J601_6.RCP 66 [1, 4, 3, 5, 23, 2, 24, 16, 6, 22, 7, 15, 14, 39, 17, 9, 13, 19, 10, 51, 40, 18, 43, 8, 33, 11, 26, 32, 44, 12, 31, 30, 27, 35, 50, 37, 47, 29, 20, 36, 38, 21, 48, 42, 46, 52, 28, 25, 34, 56, 41, 45, 49, 54, 53, 59, 58, 60, 55, 57, 61, 62]
J601_7.RCP 79 [1, 2, 3, 4, 19, 14, 5, 8, 16, 13, 7, 10, 11, 41, 15, 6, 17, 26, 12, 20, 24, 28, 18, 32, 39, 31, 29, 50, 47, 34, 23, 9, 33, 22, 21, 45, 42, 48, 30, 55, 37, 35, 25, 27, 49, 36, 44, 40, 52, 54, 38, 56, 57, 53, 51, 43, 58, 59, 46, 61, 60, 62]
J601_8.RCP 77 [1, 4, 3, 7, 6, 8, 13, 5, 10, 12, 9, 24, 16, 11, 29, 28, 35, 15, 23, 17, 25, 22, 38, 18, 44, 19, 26, 27, 31, 21, 20, 14, 40, 42, 55, 37, 30, 36, 43, 32, 46, 45, 54, 48, 33, 34, 47, 51, 56, 41, 39, 49, 53, 50, 52, 57, 58, 2, 60, 61, 59, 62]
J601_9.RCP 85 [1, 2, 4, 3, 21, 5, 6, 9, 8, 10, 12, 7, 18, 22, 14, 19, 30, 43, 33, 26, 15, 29, 39, 27, 16, 37, 31, 36, 45, 34, 41, 11, 25, 28, 20, 13, 32, 54, 40, 46, 17, 51, 47, 24, 50, 53, 38, 55, 42, 35, 48, 58, 44, 52, 57, 49, 56, 59, 23, 61, 60, 62]
J602_1.RCP 65 [1, 3, 4, 10, 7, 2, 6, 5, 11, 9, 8, 14, 24, 23, 18, 30, 17, 12, 15, 13, 35, 37, 20, 33, 16, 45, 21, 26, 31, 44, 29, 27, 32, 51, 22, 39, 52, 42, 46, 57, 43, 19, 34, 40, 25, 38, 41, 47, 48, 58, 53, 54, 28, 49, 55, 36, 50, 56, 61, 59, 60, 62]
J602_10.RCP 69 [1, 3, 4, 2, 7, 5, 9, 12, 8, 6, 26, 21, 16, 27, 20, 11, 34, 33, 18, 19, 15, 42, 38, 37, 29, 31, 36, 14, 43, 39, 13, 40, 47, 45, 50, 41, 22, 44, 23, 32, 25, 35, 49, 28, 53, 24, 46, 48, 30, 55, 52, 17, 57, 56, 51, 54, 10, 60, 61, 58, 59, 62]
J602_2.RCP 82 [1, 2, 4, 3, 5, 9, 6, 8, 7, 29, 14, 22, 40, 19, 11, 23, 12, 15, 36, 20, 30, 16, 35, 17, 31, 32, 18, 21, 50, 25, 38, 24, 44, 27, 26, 28, 42, 39, 41, 34, 37, 13, 52, 33, 54, 56, 53, 45, 55, 47, 58, 43, 10, 46, 49, 57, 51, 59, 48, 60, 61, 62]
J602_3.RCP 78 [1, 3, 2, 6, 4, 23, 10, 7, 58, 11, 9, 12, 8, 21, 31, 26, 17, 25, 20, 18, 5, 13, 15, 19, 16, 33, 22, 27, 39, 46, 37, 24, 36, 14, 28, 30, 34, 29, 50, 45, 40, 32, 53, 41, 52, 43, 38, 42, 35, 44, 48, 54, 47, 51, 49, 56, 57, 61, 55, 60, 59, 62]
J602_4.RCP 78 [1, 2, 3, 4, 14, 5, 24, 42, 20, 12, 7, 6, 23, 32, 8, 34, 16, 9, 10, 13, 17, 30, 25, 28, 21, 38, 31, 41, 33, 46, 35, 53, 15, 22, 11, 19, 44, 45, 27, 43, 29, 48, 40, 37, 52, 26, 49, 18, 39, 50, 51, 47, 36, 57, 55, 56, 54, 61, 59, 58, 60, 62]
J602_5.RCP 54 [1, 4, 3, 9, 2, 6, 8, 10, 16, 12, 21, 17, 13, 15, 19, 7, 26, 20, 30, 14, 22, 51, 5, 25, 18, 32, 24, 35, 37, 28, 41, 29, 27, 43, 36, 38, 23, 44, 31, 39, 42, 34, 45, 33, 49, 47, 50, 56, 40, 11, 53, 52, 54, 57, 46, 55, 48, 60, 58, 61, 59, 62]
J602_6.RCP 64 [1, 4, 2, 3, 9, 5, 6, 7, 23, 15, 13, 8, 14, 17, 12, 18, 25, 10, 19, 37, 46, 24, 20, 16, 49, 35, 27, 42, 32, 30, 11, 40, 31, 47, 28, 21, 50, 52, 38, 33, 39, 53, 22, 45, 36, 58, 29, 55, 56, 57, 26, 34, 43, 41, 48, 44, 54, 59, 51, 60, 61, 62]
J602_7.RCP 53 [1, 2, 3, 13, 4, 5, 6, 8, 7, 25, 30, 18, 14, 11, 10, 20, 22, 16, 45, 21, 9, 23, 15, 32, 42, 17, 26, 29, 44, 19, 24, 28, 31, 49, 36, 41, 35, 46, 12, 34, 37, 47, 38, 52, 43, 27, 33, 50, 39, 51, 40, 56, 58, 54, 53, 61, 48, 55, 57, 60, 59, 62]
J602_8.RCP 66 [1, 2, 4, 3, 6, 10, 7, 9, 14, 5, 11, 15, 22, 18, 24, 19, 16, 12, 36, 21, 26, 35, 20, 34, 25, 40, 32, 13, 31, 8, 44, 23, 48, 46, 27, 47, 41, 49, 38, 28, 37, 33, 17, 29, 42, 50, 51, 30, 39, 56, 43, 45, 55, 52, 53, 61, 57, 59, 58, 54, 60, 62]
J602_9.RCP 65 [1, 3, 4, 20, 2, 8, 14, 6, 5, 23, 13, 15, 39, 7, 18, 10, 9, 26, 30, 24, 12, 27, 11, 21, 16, 33, 46, 52, 28, 19, 17, 40, 57, 22, 34, 29, 47, 36, 25, 35, 43, 41, 48, 32, 31, 44, 38, 50, 42, 59, 53, 49, 58, 45, 51, 56, 60, 37, 54, 55, 61, 62]
J603_1.RCP 60 [1, 2, 3, 4, 5, 6, 15, 24, 13, 7, 16, 25, 20, 21, 14, 23, 29, 11, 28, 26, 30, 34, 17, 27, 45, 12, 31, 10, 49, 36, 39, 47, 32, 8, 48, 35, 41, 40, 51, 50, 33, 37, 44, 46, 43, 9, 52, 18, 38, 19, 54, 53, 22, 55, 58, 57, 59, 42, 61, 56, 60, 62]
J603_10.RCP 71 [1, 2, 4, 3, 10, 5, 6, 11, 19, 24, 32, 7, 20, 13, 15, 9, 17, 18, 12, 8, 14, 21, 30, 27, 22, 31, 36, 28, 49, 16, 25, 33, 34, 43, 29, 38, 50, 40, 39, 47, 23, 44, 37, 51, 35, 45, 26, 48, 46, 41, 52, 58, 42, 55, 61, 54, 59, 56, 53, 57, 60, 62]
J603_2.RCP 69 [1, 4, 3, 2, 5, 24, 17, 7, 28, 6, 15, 18, 11, 40, 9, 21, 8, 16, 19, 31, 13, 35, 34, 14, 27, 33, 32, 10, 12, 26, 37, 22, 30, 54, 45, 29, 36, 51, 41, 39, 20, 44, 56, 50, 43, 42, 47, 57, 23, 48, 55, 58, 38, 25, 46, 61, 52, 53, 49, 60, 59, 62]
