J301_1.RCP 43 [1, 4, 3, 7, 13, 2, 8, 10, 18, 9, 11, 12, 19, 5, 15, 16, 27, 14, 20, 17, 29, 21, 26, 22, 25, 6, 28, 23, 31, 24, 30, 32]
J301_2.RCP 48 [1, 4, 3, 7, 5, 6, 9, 17, 16, 11, 2, 10, 15, 13, 14, 22, 19, 12, 26, 20, 8, 18, 21, 25, 23, 28, 27, 24, 31, 30, 29, 32]
J301_3.RCP 47 [1, 4, 3, 5, 7, 12, 9, 6, 20, 15, 8, 11, 18, 2, 10, 14, 17, 24, 19, 27, 23, 28, 16, 13, 21, 22, 25, 31, 26, 29, 30, 32]
J301_4.RCP 62 [1, 2, 4, 14, 6, 7, 5, 19, 27, 8, 15, 13, 22, 10, 24, 9, 18, 3, 11, 12, 23, 21, 16, 20, 26, 31, 25, 28, 17, 30, 29, 32]
J301_5.RCP 39 [1, 4, 3, 5, 8, 2, 6, 10, 27, 7, 14, 16, 9, 11, 18, 12, 19, 25, 13, 23, 22, 15, 21, 17, 26, 24, 20, 29, 28, 30, 31, 32]
J301_6.RCP 49 [1, 2, 4, 7, 3, 5, 6, 12, 11, 8, 10, 15, 23, 27, 9, 25, 16, 22, 19, 13, 21, 28, 14, 17, 24, 18, 30, 31, 20, 26, 29, 32]
J301_7.RCP 60 [1, 4, 2, 7, 5, 3, 24, 6, 10, 13, 12, 18, 16, 11, 9, 8, 21, 22, 17, 15, 26, 20, 14, 19, 23, 25, 28, 27, 30, 29, 31, 32]
J301_8.RCP 53 [1, 3, 4, 5, 10, 2, 8, 14, 17, 6, 19, 11, 12, 20, 16, 9, 15, 23, 25, 18, 26, 21, 13, 7, 22, 24, 28, 31, 27, 30, 29, 32]
J301_9.RCP 49 [1, 4, 2, 3, 20, 10, 7, 5, 8, 17, 15, 6, 9, 24, 11, 21, 13, 18, 19, 12, 22, 14, 25, 16, 26, 27, 23, 28, 31, 30, 29, 32]
J301_10.RCP 46 [1, 2, 7, 3, 5, 11, 8, 22, 20, 4, 12, 9, 25, 13, 10, 18, 21, 6, 23, 17, 16, 14, 19, 15, 24, 26, 30, 27, 28, 29, 31, 32]
J302_1.RCP 38 [1, 2, 4, 3, 7, 6, 10, 8, 17, 20, 9, 14, 15, 5, 13, 11, 18, 19, 12, 24, 21, 27, 22, 28, 29, 23, 26, 16, 25, 30, 31, 32]
J302_2.RCP 51 [1, 3, 4, 2, 7, 8, 9, 5, 10, 16, 17, 12, 14, 18, 13, 15, 6, 19, 26, 11, 25, 20, 21, 29, 28, 22, 27, 23, 24, 30, 31, 32]
J302_3.RCP 43 [1, 2, 4, 3, 10, 6, 5, 7, 18, 15, 14, 19, 16, 12, 24, 9, 13, 8, 23, 21, 27, 26, 11, 20, 28, 31, 22, 17, 30, 25, 29, 32]
J302_4.RCP 43 [1, 4, 2, 3, 11, 21, 6, 5, 9, 12, 13, 7, 18, 14, 16, 15, 8, 27, 25, 23, 10, 17, 19, 28, 26, 24, 20, 30, 29, 22, 31, 32]
J302_5.RCP 51 [1, 2, 3, 29, 5, 6, 19, 8, 4, 9, 7, 11, 15, 12, 13, 17, 14, 20, 10, 22, 16, 24, 23, 18, 21, 25, 27, 26, 30, 28, 31, 32]
J302_6.RCP 47 [1, 4, 3, 2, 13, 5, 7, 6, 9, 11, 8, 16, 10, 15, 14, 12, 18, 19, 24, 21, 20, 25, 29, 28, 22, 23, 17, 26, 27, 30, 31, 32]
J302_7.RCP 47 [1, 2, 4, 10, 5, 8, 3, 11, 13, 14, 6, 24, 16, 7, 9, 15, 17, 21, 12, 28, 22, 19, 23, 25, 20, 18, 30, 29, 26, 27, 31, 32]
J302_8.RCP 54 [1, 3, 2, 5, 6, 10, 4, 20, 11, 7, 8, 13, 9, 22, 21, 15, 23, 14, 16, 27, 24, 12, 19, 17, 18, 26, 25, 31, 29, 28, 30, 32]
J302_9.RCP 54 [1, 3, 2, 18, 7, 5, 10, 6, 17, 8, 4, 9, 19, 15, 13, 11, 12, 21, 16, 20, 23, 28, 14, 27, 22, 24, 26, 25, 31, 30, 29, 32]
J302_10.RCP 43 [1, 4, 2, 3, 7, 13, 10, 11, 5, 19, 17, 6, 9, 14, 21, 15, 8, 16, 12, 24, 25, 26, 22, 20, 27, 23, 18, 28, 29, 31, 30, 32]
J303_1.RCP 72 [1, 3, 4, 19, 5, 2, 10, 7, 11, 17, 9, 8, 14, 16, 13, 6, 18, 12, 24, 20, 21, 15, 23, 22, 26, 29, 25, 28, 30, 27, 31, 32]
J303_2.RCP 40 [1, 2, 4, 10, 5, 6, 19, 3, 9, 8, 7, 14, 12, 20, 13, 21, 22, 18, 17, 11, 15, 23, 16, 25, 26, 30, 24, 27, 28, 29, 31, 32]
J303_3.RCP 57 [1, 3, 5, 4, 9, 6, 10, 7, 8, 2, 13, 11, 15, 21, 17, 19, 20, 23, 12, 14, 22, 18, 16, 24, 28, 25, 27, 30, 26, 31, 29, 32]
J303_4.RCP 98 [1, 2, 3, 4, 5, 18, 6, 7, 21, 9, 24, 10, 8, 14, 13, 11, 23, 12, 17, 16, 20, 22, 26, 25, 27, 19, 30, 15, 28, 29, 31, 32]
J303_5.RCP 53 [1, 4, 2, 12, 3, 5, 15, 7, 8, 11, 9, 6, 17, 16, 25, 10, 24, 14, 23, 27, 13, 18, 19, 21, 20, 22, 26, 30, 31, 28, 29, 32]
J303_6.RCP 54 [1, 4, 2, 10, 9, 7, 6, 8, 13, 3, 5, 11, 12, 25, 21, 18, 15, 16, 17, 14, 19, 24, 23, 26, 20, 22, 27, 28, 29, 31, 30, 32]
J303_7.RCP 48 [1, 2, 3, 9, 4, 6, 19, 16, 11, 5, 12, 8, 23, 7, 21, 14, 13, 17, 25, 24, 18, 15, 20, 27, 30, 22, 26, 28, 10, 29, 31, 32]
J303_8.RCP 54 [1, 2, 3, 4, 13, 15, 5, 19, 8, 12, 11, 17, 24, 6, 9, 7, 22, 23, 25, 14, 18, 10, 27, 20, 16, 21, 26, 30, 28, 31, 29, 32]
J303_9.RCP 65 [1, 3, 4, 2, 14, 7, 13, 9, 25, 5, 6, 12, 11, 17, 10, 8, 19, 15, 22, 18, 16, 21, 27, 20, 23, 26, 30, 28, 29, 24, 31, 32]
J303_10.RCP 59 [1, 3, 4, 2, 5, 6, 9, 24, 7, 8, 19, 11, 10, 13, 14, 15, 20, 18, 12, 21, 17, 22, 31, 23, 16, 25, 28, 26, 30, 27, 29, 32]
J304_1.RCP 49 [1, 3, 2, 4, 9, 5, 14, 7, 22, 6, 12, 10, 16, 8, 11, 19, 21, 23, 24, 18, 30, 13, 15, 27, 17, 20, 25, 28, 26, 31, 29, 32]
J304_2.RCP 60 [1, 4, 3, 11, 2, 5, 8, 6, 7, 10, 13, 15, 12, 23, 14, 9, 17, 24, 18, 25, 31, 20, 16, 21, 27, 28, 19, 22, 26, 30, 29, 32]
J304_3.RCP 47 [1, 3, 4, 2, 7, 8, 11, 19, 10, 21, 5, 25, 9, 6, 13, 20, 23, 14, 15, 12, 16, 17, 22, 24, 26, 28, 18, 27, 29, 30, 31, 32]
J304_4.RCP 57 [1, 2, 4, 3, 7, 6, 5, 11, 9, 8, 16, 19, 10, 20, 13, 12, 14, 15, 22, 21, 24, 17, 18, 23, 25, 27, 28, 26, 29, 31, 30, 32]
J304_5.RCP 59 [1, 4, 3, 2, 9, 7, 10, 22, 15, 5, 12, 17, 6, 14, 8, 13, 11, 20, 24, 23, 26, 18, 19, 16, 25, 27, 30, 21, 28, 31, 29, 32]
J304_6.RCP 45 [1, 3, 2, 4, 6, 7, 5, 15, 9, 20, 13, 12, 17, 8, 11, 23, 14, 26, 25, 16, 10, 28, 18, 19, 22, 24, 21, 27, 30, 31, 29, 32]
J304_7.RCP 56 [1, 4, 3, 6, 2, 9, 5, 8, 20, 26, 7, 10, 13, 19, 15, 11, 14, 12, 16, 17, 23, 28, 22, 18, 27, 21, 24, 29, 25, 30, 31, 32]
J304_8.RCP 55 [1, 3, 4, 2, 6, 15, 10, 7, 8, 13, 5, 20, 9, 11, 12, 16, 17, 14, 26, 19, 25, 18, 23, 22, 27, 28, 21, 31, 24, 30, 29, 32]
J304_9.RCP 38 [1, 3, 2, 4, 6, 8, 18, 12, 16, 5, 9, 10, 23, 7, 13, 24, 14, 11, 19, 21, 20, 17, 26, 15, 25, 27, 28, 29, 22, 30, 31, 32]
J304_10.RCP 48 [1, 2, 3, 17, 4, 7, 10, 5, 18, 19, 13, 8, 26, 11, 16, 9, 14, 25, 12, 21, 15, 22, 6, 20, 23, 24, 27, 31, 29, 28, 30, 32]
J305_1.RCP 53 [1, 4, 6, 3, 8, 2, 16, 11, 5, 7, 10, 19, 21, 22, 13, 12, 9, 14, 23, 15, 20, 24, 17, 26, 18, 30, 28, 27, 25, 29, 31, 32]
J305_2.RCP 83 [1, 2, 5, 4, 7, 21, 9, 3, 8, 11, 14, 13, 12, 16, 20, 10, 30, 6, 17, 19, 15, 22, 25, 27, 23, 24, 18, 28, 26, 31, 29, 32]
J305_3.RCP 83 [1, 3, 4, 18, 5, 2, 7, 12, 16, 6, 10, 15, 14, 13, 19, 11, 26, 17, 9, 8, 20, 21, 25, 22, 29, 23, 28, 27, 24, 30, 31, 32]
J305_4.RCP 63 [1, 3, 2, 4, 9, 17, 6, 14, 7, 11, 13, 12, 16, 25, 8, 19, 5, 10, 21, 20, 22, 15, 23, 24, 18, 28, 27, 26, 29, 30, 31, 32]
J305_5.RCP 77 [1, 3, 4, 2, 6, 22, 10, 5, 8, 7, 17, 16, 21, 19, 15, 11, 9, 23, 20, 12, 13, 18, 24, 26, 31, 25, 29, 14, 27, 28, 30, 32]
J305_6.RCP 64 [1, 3, 4, 5, 10, 2, 6, 16, 13, 8, 18, 12, 7, 9, 19, 15, 11, 21, 20, 14, 25, 26, 24, 22, 23, 17, 28, 30, 27, 29, 31, 32]
J305_7.RCP 76 [1, 3, 4, 15, 2, 12, 7, 5, 11, 16, 10, 18, 9, 20, 14, 22, 24, 17, 6, 25, 28, 23, 13, 27, 8, 26, 30, 21, 19, 31, 29, 32]
J305_8.RCP 67 [1, 3, 4, 7, 8, 5, 9, 10, 6, 2, 12, 14, 13, 15, 19, 18, 16, 21, 25, 20, 17, 27, 11, 28, 24, 23, 22, 26, 31, 30, 29, 32]
J305_9.RCP 49 [1, 2, 3, 9, 4, 14, 5, 12, 15, 23, 7, 22, 6, 16, 20, 25, 21, 10, 24, 19, 8, 30, 18, 11, 26, 29, 17, 13, 28, 27, 31, 32]
J305_10.RCP 70 [1, 3, 2, 4, 5, 14, 6, 21, 16, 10, 8, 12, 7, 20, 9, 18, 17, 23, 11, 28, 27, 19, 15, 24, 26, 25, 13, 30, 22, 31, 29, 32]
J306_1.RCP 59 [1, 3, 2, 4, 7, 6, 5, 14, 15, 10, 17, 16, 26, 25, 8, 11, 9, 13, 20, 21, 18, 12, 24, 19, 22, 27, 23, 29, 28, 31, 30, 32]
J306_2.RCP 51 [1, 2, 4, 5, 6, 19, 10, 16, 9, 11, 14, 3, 24, 13, 7, 15, 20, 22, 8, 17, 18, 25, 12, 21, 23, 27, 28, 30, 26, 29, 31, 32]
J306_3.RCP 49 [1, 4, 2, 3, 6, 13, 5, 7, 19, 12, 10, 8, 18, 14, 11, 9, 17, 23, 26, 15, 27, 24, 21, 22, 16, 20, 28, 31, 25, 29, 30, 32]
J306_4.RCP 42 [1, 3, 7, 6, 5, 11, 2, 4, 21, 8, 10, 20, 13, 15, 9, 17, 16, 18, 22, 19, 12, 14, 25, 23, 26, 27, 24, 30, 28, 29, 31, 32]
J306_5.RCP 67 [1, 4, 2, 6, 12, 3, 11, 18, 8, 5, 9, 13, 7, 14, 15, 10, 21, 20, 16, 22, 17, 19, 28, 24, 23, 27, 25, 26, 31, 30, 29, 32]
J306_6.RCP 37 [1, 4, 3, 2, 5, 13, 17, 9, 6, 11, 21, 22, 14, 10, 16, 15, 7, 23, 25, 19, 26, 8, 20, 24, 27, 18, 12, 29, 28, 31, 30, 32]
J306_7.RCP 47 [1, 3, 4, 11, 5, 8, 6, 12, 9, 14, 16, 10, 2, 28, 21, 17, 15, 13, 24, 26, 20, 7, 23, 19, 25, 22, 27, 18, 30, 29, 31, 32]
J306_8.RCP 39 [1, 4, 3, 2, 10, 5, 14, 6, 15, 7, 8, 19, 12, 18, 17, 9, 26, 16, 13, 23, 20, 24, 25, 22, 21, 11, 27, 30, 28, 29, 31, 32]
J306_9.RCP 51 [1, 4, 2, 9, 7, 5, 8, 25, 6, 18, 16, 3, 13, 12, 10, 19, 14, 26, 11, 21, 20, 22, 17, 23, 28, 24, 15, 27, 30, 29, 31, 32]
J306_10.RCP 61 [1, 2, 4, 7, 3, 11, 5, 13, 6, 18, 9, 15, 8, 12, 16, 14, 20, 25, 21, 17, 26, 10, 31, 24, 22, 19, 28, 27, 23, 30, 29, 32]
J307_1.RCP 55 [1, 2, 4, 6, 7, 5, 8, 9, 28, 21, 20, 10, 3, 15, 22, 11, 12, 14, 13, 16, 24, 25, 17, 19, 23, 26, 18, 29, 27, 31, 30, 32]
J307_2.RCP 42 [1, 4, 2, 3, 9, 5, 10, 17, 7, 11, 27, 14, 8, 6, 19, 13, 18, 20, 12, 15, 23, 21, 22, 16, 24, 28, 25, 29, 26, 30, 31, 32]
J307_3.RCP 42 [1, 2, 4, 3, 5, 18, 8, 11, 20, 9, 6, 13, 7, 16, 14, 23, 17, 10, 12, 25, 15, 19, 27, 26, 22, 21, 24, 28, 30, 29, 31, 32]
J307_4.RCP 44 [1, 4, 2, 3, 5, 9, 15, 11, 7, 6, 12, 13, 14, 18, 16, 10, 21, 23, 26, 8, 27, 19, 25, 22, 24, 28, 17, 29, 20, 30, 31, 32]
J307_5.RCP 44 [1, 2, 3, 4, 7, 10, 5, 17, 12, 6, 24, 14, 16, 13, 21, 18, 11, 19, 23, 15, 20, 9, 27, 25, 26, 8, 22, 29, 28, 30, 31, 32]
J307_6.RCP 35 [1, 4, 3, 2, 14, 10, 6, 5, 18, 8, 12, 21, 22, 15, 24, 7, 17, 16, 26, 9, 20, 19, 25, 28, 11, 13, 23, 27, 29, 31, 30, 32]
J307_7.RCP 50 [1, 3, 2, 4, 6, 8, 9, 15, 5, 10, 7, 22, 11, 12, 21, 16, 14, 23, 20, 26, 13, 18, 28, 24, 17, 29, 25, 19, 27, 30, 31, 32]
J307_8.RCP 44 [1, 3, 4, 6, 2, 9, 15, 12, 5, 14, 7, 25, 10, 8, 19, 13, 20, 11, 28, 17, 16, 27, 21, 22, 26, 24, 18, 23, 30, 29, 31, 32]
J307_9.RCP 60 [1, 4, 2, 3, 7, 6, 8, 11, 5, 18, 12, 26, 15, 21, 10, 9, 13, 22, 16, 20, 17, 14, 24, 28, 29, 23, 25, 19, 30, 27, 31, 32]
J307_10.RCP 49 [1, 2, 4, 3, 5, 12, 6, 11, 7, 31, 17, 14, 9, 13, 10, 15, 8, 23, 19, 21, 25, 20, 16, 22, 26, 18, 24, 27, 28, 29, 30, 32]
J308_1.RCP 44 [1, 3, 2, 4, 7, 5, 6, 11, 8, 13, 17, 14, 19, 10, 9, 12, 22, 18, 21, 15, 20, 23, 16, 24, 26, 27, 25, 30, 28, 31, 29, 32]
J308_2.RCP 51 [1, 2, 3, 4, 9, 20, 11, 23, 13, 10, 8, 5, 6, 19, 14, 15, 12, 25, 17, 7, 22, 16, 29, 18, 24, 21, 26, 28, 31, 27, 30, 32]
J308_3.RCP 53 [1, 2, 3, 4, 9, 19, 13, 10, 14, 11, 17, 5, 7, 8, 16, 12, 18, 24, 15, 31, 6, 20, 21, 28, 22, 23, 25, 26, 27, 30, 29, 32]
J308_4.RCP 48 [1, 2, 4, 7, 3, 5, 21, 10, 8, 9, 14, 11, 17, 13, 15, 6, 18, 20, 12, 27, 16, 22, 23, 19, 24, 25, 28, 26, 30, 31, 29, 32]
J308_5.RCP 58 [1, 2, 5, 4, 3, 6, 13, 12, 14, 21, 15, 9, 8, 7, 11, 20, 17, 24, 19, 10, 18, 25, 22, 16, 23, 26, 28, 30, 27, 29, 31, 32]
J308_6.RCP 47 [1, 2, 3, 6, 5, 4, 27, 7, 16, 8, 15, 11, 9, 18, 14, 10, 12, 13, 21, 23, 17, 28, 22, 24, 20, 19, 30, 25, 26, 29, 31, 32]
J308_7.RCP 41 [1, 4, 3, 2, 9, 11, 6, 8, 5, 18, 12, 7, 14, 22, 23, 20, 15, 10, 24, 21, 19, 26, 25, 27, 17, 13, 28, 16, 31, 29, 30, 32]
J308_8.RCP 51 [1, 3, 11, 4, 2, 5, 6, 10, 12, 13, 15, 8, 20, 7, 19, 21, 16, 18, 26, 17, 22, 31, 9, 14, 24, 27, 28, 23, 25, 29, 30, 32]
J308_9.RCP 39 [1, 2, 4, 3, 6, 8, 5, 14, 24, 12, 15, 7, 16, 11, 9, 13, 10, 17, 25, 18, 26, 22, 19, 27, 20, 23, 30, 21, 28, 29, 31, 32]
J308_10.RCP 67 [1, 2, 3, 4, 15, 8, 6, 9, 7, 13, 14, 20, 10, 22, 16, 11, 5, 18, 12, 19, 21, 23, 24, 25, 27, 17, 26, 30, 28, 31, 29, 32]
J309_1.RCP 83 [1, 3, 4, 11, 7, 9, 2, 14, 5, 18, 6, 23, 26, 20, 10, 28, 12, 15, 8, 17, 24, 19, 13, 21, 16, 31, 22, 25, 27, 29, 30, 32]
J309_2.RCP 92 [1, 3, 4, 11, 5, 18, 6, 7, 21, 8, 12, 28, 30, 9, 13, 10, 16, 20, 14, 2, 24, 17, 22, 19, 25, 15, 27, 23, 31, 26, 29, 32]
J309_3.RCP 72 [1, 3, 4, 10, 14, 12, 6, 2, 11, 5, 15, 16, 25, 9, 7, 20, 13, 21, 23, 17, 19, 24, 22, 8, 28, 27, 26, 30, 18, 29, 31, 32]
J309_4.RCP 72 [1, 2, 4, 5, 9, 8, 3, 13, 7, 14, 16, 6, 23, 12, 28, 19, 20, 21, 25, 26, 11, 27, 10, 17, 15, 29, 22, 18, 24, 31, 30, 32]
J309_5.RCP 71 [1, 3, 2, 10, 4, 5, 7, 14, 8, 6, 13, 19, 11, 18, 15, 9, 20, 23, 21, 12, 17, 25, 22, 16, 27, 28, 24, 26, 29, 30, 31, 32]
J309_6.RCP 59 [1, 2, 3, 7, 11, 17, 14, 5, 6, 18, 13, 23, 21, 22, 20, 25, 4, 26, 9, 16, 8, 27, 19, 15, 10, 31, 28, 30, 12, 24, 29, 32]
J309_7.RCP 65 [1, 2, 9, 3, 4, 24, 5, 7, 15, 11, 10, 14, 6, 13, 17, 12, 21, 20, 23, 18, 16, 27, 28, 22, 19, 8, 29, 30, 25, 26, 31, 32]
J309_8.RCP 93 [1, 4, 2, 5, 3, 12, 14, 9, 11, 6, 8, 7, 18, 24, 13, 15, 17, 10, 28, 16, 26, 19, 22, 21, 23, 20, 25, 27, 29, 30, 31, 32]
J309_9.RCP 65 [1, 4, 7, 3, 5, 2, 11, 6, 16, 9, 13, 10, 19, 20, 8, 18, 23, 17, 12, 14, 15, 24, 22, 21, 30, 26, 25, 28, 27, 29, 31, 32]
J309_10.RCP 89 [1, 2, 3, 4, 5, 9, 6, 15, 22, 8, 10, 7, 13, 14, 26, 11, 12, 18, 23, 16, 21, 30, 24, 28, 17, 27, 25, 19, 20, 29, 31, 32]
J3010_1.RCP 42 [1, 4, 2, 3, 11, 28, 5, 6, 15, 7, 16, 8, 17, 24, 18, 9, 13, 25, 12, 20, 10, 21, 22, 27, 14, 23, 30, 19, 26, 31, 29, 32]
J3010_2.RCP 57 [1, 3, 4, 8, 6, 18, 7, 5, 2, 13, 12, 14, 10, 9, 19, 11, 15, 16, 20, 21, 25, 24, 23, 17, 28, 22, 27, 26, 29, 31, 30, 32]
J3010_3.RCP 62 [1, 2, 3, 4, 18, 6, 5, 7, 9, 29, 11, 12, 8, 17, 10, 15, 14, 13, 22, 19, 27, 16, 23, 28, 20, 25, 21, 26, 31, 24, 30, 32]
J3010_4.RCP 58 [1, 4, 3, 2, 13, 10, 18, 6, 5, 9, 16, 8, 7, 12, 22, 15, 11, 20, 19, 14, 25, 24, 26, 17, 21, 27, 23, 31, 28, 29, 30, 32]
J3010_5.RCP 42 [1, 3, 2, 4, 9, 25, 12, 10, 14, 5, 16, 8, 15, 20, 7, 18, 24, 6, 17, 13, 21, 26, 11, 22, 19, 28, 27, 23, 29, 31, 30, 32]
J3010_6.RCP 44 [1, 4, 2, 3, 18, 6, 10, 5, 8, 13, 12, 23, 11, 19, 14, 15, 7, 9, 17, 22, 21, 24, 20, 26, 27, 16, 28, 25, 30, 31, 29, 32]
J3010_7.RCP 49 [1, 2, 3, 4, 5, 8, 6, 9, 10, 13, 12, 7, 20, 15, 11, 18, 22, 19, 23, 26, 16, 24, 28, 25, 21, 17, 14, 30, 29, 27, 31, 32]
J3010_8.RCP 54 [1, 4, 2, 5, 3, 14, 8, 11, 7, 17, 16, 12, 6, 13, 10, 22, 15, 18, 23, 20, 25, 21, 9, 27, 26, 24, 28, 30, 19, 29, 31, 32]
J3010_9.RCP 49 [1, 2, 3, 4, 7, 6, 9, 17, 11, 28, 23, 10, 13, 12, 5, 14, 16, 8, 15, 21, 18, 19, 24, 22, 26, 29, 25, 20, 27, 31, 30, 32]
J3010_10.RCP 42 [1, 3, 4, 2, 6, 8, 5, 9, 7, 18, 19, 11, 10, 14, 23, 22, 16, 13, 12, 20, 24, 17, 25, 26, 21, 15, 27, 29, 28, 31, 30, 32]
J3011_1.RCP 55 [1, 3, 4, 2, 6, 5, 10, 17, 9, 7, 11, 18, 21, 13, 8, 20, 16, 12, 15, 25, 14, 23, 19, 26, 24, 28, 22, 27, 30, 29, 31, 32]
J3011_2.RCP 56 [1, 3, 2, 10, 8, 4, 7, 12, 24, 13, 6, 18, 14, 5, 19, 11, 9, 15, 25, 20, 26, 21, 30, 27, 23, 16, 17, 22, 29, 28, 31, 32]
J3011_3.RCP 81 [1, 2, 4, 3, 9, 5, 6, 8, 17, 10, 13, 11, 21, 16, 12, 23, 7, 14, 18, 15, 22, 19, 25, 20, 29, 26, 24, 27, 30, 28, 31, 32]
J3011_4.RCP 63 [1, 4, 2, 3, 11, 6, 7, 5, 8, 13, 9, 10, 14, 12, 16, 18, 30, 15, 19, 24, 17, 22, 20, 21, 25, 27, 23, 26, 28, 29, 31, 32]
J3011_5.RCP 50 [1, 3, 2, 5, 10, 11, 4, 6, 9, 7, 15, 17, 27, 14, 22, 16, 19, 12, 20, 24, 18, 8, 13, 23, 21, 25, 28, 26, 31, 29, 30, 32]
J3011_6.RCP 44 [1, 2, 3, 4, 5, 12, 16, 7, 6, 8, 15, 11, 17, 9, 18, 22, 14, 13, 19, 20, 10, 27, 24, 23, 21, 29, 25, 26, 28, 31, 30, 32]
J3011_7.RCP 36 [1, 2, 3, 6, 7, 12, 8, 10, 4, 14, 13, 20, 5, 9, 19, 16, 21, 15, 18, 22, 24, 11, 27, 28, 17, 23, 29, 26, 30, 25, 31, 32]
J3011_8.RCP 62 [1, 3, 2, 5, 6, 4, 18, 20, 19, 12, 7, 16, 9, 13, 8, 10, 11, 14, 24, 21, 26, 23, 15, 17, 25, 22, 28, 29, 27, 31, 30, 32]
J3011_9.RCP 67 [1, 3, 4, 2, 7, 20, 5, 6, 19, 10, 8, 17, 11, 18, 13, 15, 22, 21, 23, 16, 9, 24, 27, 12, 26, 14, 25, 28, 31, 30, 29, 32]
J3011_10.RCP 38 [1, 4, 3, 2, 7, 10, 11, 8, 13, 6, 12, 9, 17, 20, 5, 18, 15, 16, 23, 14, 21, 27, 24, 19, 25, 31, 28, 30, 22, 26, 29, 32]
J3012_1.RCP 47 [1, 2, 4, 3, 9, 18, 12, 6, 10, 5, 17, 14, 11, 8, 13, 22, 21, 7, 19, 15, 16, 23, 24, 25, 26, 27, 20, 28, 31, 29, 30, 32]
J3012_2.RCP 46 [1, 2, 3, 4, 8, 7, 15, 5, 13, 12, 6, 18, 10, 11, 9, 22, 19, 21, 16, 14, 26, 24, 17, 25, 27, 20, 23, 30, 28, 29, 31, 32]
J3012_3.RCP 37 [1, 2, 4, 3, 9, 6, 11, 18, 7, 15, 8, 14, 10, 5, 17, 12, 26, 16, 19, 20, 22, 23, 27, 21, 28, 13, 29, 24, 25, 31, 30, 32]
J3012_4.RCP 63 [1, 2, 3, 4, 9, 6, 10, 13, 16, 5, 7, 15, 19, 11, 8, 17, 12, 14, 21, 26, 20, 18, 22, 25, 27, 24, 29, 23, 28, 31, 30, 32]
J3012_5.RCP 47 [1, 2, 6, 4, 10, 5, 3, 24, 9, 8, 13, 16, 20, 19, 15, 27, 17, 14, 12, 21, 11, 23, 18, 7, 26, 28, 22, 31, 25, 29, 30, 32]
J3012_6.RCP 53 [1, 3, 2, 4, 17, 6, 8, 5, 10, 22, 7, 13, 11, 19, 9, 14, 16, 15, 12, 25, 20, 28, 18, 23, 26, 21, 27, 24, 31, 30, 29, 32]
J3012_7.RCP 55 [1, 2, 3, 4, 5, 7, 6, 10, 18, 12, 14, 8, 9, 15, 17, 11, 20, 13, 26, 19, 21, 28, 22, 27, 25, 16, 24, 29, 23, 30, 31, 32]
J3012_8.RCP 35 [1, 2, 3, 4, 5, 6, 11, 15, 7, 13, 19, 9, 12, 20, 8, 22, 21, 26, 10, 17, 16, 18, 23, 14, 24, 25, 29, 28, 27, 30, 31, 32]
J3012_9.RCP 52 [1, 4, 3, 2, 12, 7, 10, 9, 5, 11, 13, 8, 14, 16, 20, 15, 6, 19, 18, 17, 25, 26, 21, 22, 28, 23, 27, 24, 29, 31, 30, 32]
J3012_10.RCP 57 [1, 3, 4, 5, 2, 6, 21, 13, 20, 11, 7, 8, 9, 10, 18, 14, 19, 17, 15, 12, 23, 16, 25, 24, 22, 27, 26, 28, 30, 29, 31, 32]
J3013_1.RCP 62 [1, 3, 6, 2, 14, 7, 4, 11, 10, 5, 13, 15, 18, 19, 8, 21, 12, 24, 17, 23, 31, 9, 25, 27, 16, 20, 28, 22, 29, 26, 30, 32]
J3013_2.RCP 63 [1, 3, 4, 8, 6, 2, 19, 20, 11, 5, 7, 17, 27, 12, 10, 9, 15, 16, 14, 13, 21, 24, 22, 18, 26, 23, 28, 25, 29, 31, 30, 32]
J3013_3.RCP 80 [1, 2, 4, 5, 11, 7, 21, 14, 6, 3, 9, 10, 8, 19, 16, 22, 12, 17, 23, 20, 13, 25, 18, 24, 27, 30, 28, 15, 29, 26, 31, 32]
J3013_4.RCP 74 [1, 4, 2, 5, 28, 6, 12, 3, 8, 7, 14, 13, 10, 18, 9, 22, 16, 17, 11, 19, 21, 26, 23, 15, 20, 25, 29, 24, 30, 27, 31, 32]
J3013_5.RCP 70 [1, 3, 2, 4, 6, 12, 19, 5, 21, 11, 15, 10, 7, 8, 18, 28, 20, 17, 16, 23, 9, 26, 13, 22, 27, 24, 14, 25, 30, 29, 31, 32]
J3013_6.RCP 68 [1, 2, 3, 5, 10, 8, 4, 18, 7, 17, 13, 14, 22, 9, 16, 11, 19, 12, 6, 15, 21, 20, 24, 26, 23, 25, 27, 28, 30, 31, 29, 32]
J3013_7.RCP 79 [1, 2, 15, 6, 10, 3, 4, 11, 5, 7, 12, 17, 8, 21, 9, 22, 23, 16, 13, 24, 27, 14, 19, 28, 20, 25, 29, 26, 18, 31, 30, 32]
J3013_8.RCP 109 [1, 2, 3, 5, 4, 28, 6, 13, 21, 8, 11, 7, 9, 14, 12, 20, 10, 24, 15, 17, 16, 22, 18, 30, 23, 19, 26, 25, 27, 31, 29, 32]
J3013_9.RCP 74 [1, 3, 2, 6, 18, 15, 5, 4, 7, 19, 8, 21, 11, 10, 14, 12, 25, 16, 17, 26, 22, 13, 20, 27, 31, 23, 9, 24, 28, 30, 29, 32]
J3013_10.RCP 65 [1, 3, 2, 12, 16, 4, 5, 19, 10, 9, 8, 15, 22, 29, 6, 14, 21, 17, 13, 7, 25, 18, 20, 27, 23, 26, 24, 11, 28, 31, 30, 32]
J3014_1.RCP 50 [1, 3, 4, 6, 7, 19, 5, 8, 12, 20, 9, 16, 18, 10, 11, 14, 13, 15, 22, 17, 24, 21, 23, 28, 2, 25, 26, 29, 27, 31, 30, 32]
J3014_2.RCP 55 [1, 2, 4, 3, 5, 8, 6, 9, 21, 25, 13, 7, 15, 22, 11, 12, 17, 19, 10, 16, 24, 14, 23, 18, 29, 26, 20, 27, 28, 31, 30, 32]
J3014_3.RCP 59 [1, 2, 3, 10, 4, 12, 5, 7, 8, 6, 25, 17, 13, 9, 18, 14, 20, 24, 26, 23, 15, 11, 28, 22, 21, 16, 31, 27, 19, 29, 30, 32]
J3014_4.RCP 51 [1, 2, 4, 5, 9, 3, 6, 10, 29, 23, 7, 11, 15, 8, 16, 19, 14, 17, 12, 20, 18, 13, 22, 24, 25, 21, 28, 27, 26, 31, 30, 32]
J3014_5.RCP 52 [1, 2, 4, 7, 5, 12, 3, 10, 8, 11, 6, 9, 13, 25, 16, 22, 14, 20, 19, 26, 21, 18, 17, 27, 28, 24, 23, 29, 31, 15, 30, 32]
J3014_6.RCP 35 [1, 2, 3, 4, 10, 8, 14, 5, 6, 15, 9, 7, 13, 19, 18, 12, 17, 11, 20, 16, 21, 27, 22, 24, 23, 28, 25, 26, 30, 31, 29, 32]
J3014_7.RCP 51 [1, 3, 4, 2, 5, 7, 6, 11, 10, 9, 8, 23, 25, 16, 13, 18, 24, 17, 21, 14, 19, 15, 26, 22, 20, 28, 27, 12, 31, 29, 30, 32]
J3014_8.RCP 54 [1, 4, 2, 6, 8, 3, 13, 23, 9, 16, 21, 25, 10, 12, 19, 20, 18, 11, 14, 7, 15, 27, 22, 17, 24, 26, 28, 5, 29, 30, 31, 32]
J3014_9.RCP 47 [1, 3, 4, 7, 2, 5, 8, 11, 10, 18, 12, 15, 23, 13, 6, 22, 16, 14, 21, 25, 9, 20, 17, 26, 24, 19, 28, 30, 27, 31, 29, 32]
J3014_10.RCP 62 [1, 4, 2, 3, 26, 9, 20, 7, 5, 8, 14, 10, 11, 16, 13, 17, 21, 6, 15, 22, 19, 25, 18, 24, 23, 27, 12, 28, 31, 29, 30, 32]
J3015_1.RCP 46 [1, 4, 2, 3, 5, 22, 7, 11, 8, 6, 18, 17, 13, 10, 9, 12, 14, 15, 16, 19, 21, 25, 20, 23, 24, 26, 27, 28, 30, 29, 31, 32]
J3015_2.RCP 47 [1, 2, 4, 3, 6, 7, 17, 8, 24, 10, 13, 12, 15, 21, 14, 18, 9, 22, 26, 5, 25, 11, 16, 19, 27, 20, 23, 28, 30, 31, 29, 32]
J3015_3.RCP 48 [1, 2, 3, 4, 12, 6, 8, 7, 10, 15, 13, 5, 23, 9, 11, 17, 14, 18, 21, 24, 25, 28, 19, 20, 26, 16, 30, 27, 22, 29, 31, 32]
J3015_4.RCP 48 [1, 4, 2, 11, 3, 6, 9, 8, 7, 14, 10, 17, 13, 5, 16, 12, 15, 22, 20, 18, 19, 24, 21, 23, 27, 25, 26, 28, 31, 30, 29, 32]
J3015_5.RCP 58 [1, 4, 3, 2, 5, 8, 6, 12, 7, 15, 9, 14, 10, 11, 17, 19, 18, 20, 23, 13, 26, 24, 25, 21, 22, 16, 28, 27, 30, 31, 29, 32]
J3015_6.RCP 67 [1, 2, 3, 18, 8, 6, 5, 9, 4, 7, 13, 20, 16, 11, 12, 21, 14, 26, 15, 10, 25, 28, 24, 17, 23, 22, 19, 27, 30, 29, 31, 32]
J3015_7.RCP 47 [1, 4, 2, 8, 3, 10, 5, 7, 9, 14, 11, 22, 12, 15, 16, 20, 13, 17, 6, 19, 26, 18, 21, 23, 24, 25, 28, 27, 29, 30, 31, 32]
J3015_8.RCP 50 [1, 4, 3, 8, 14, 2, 5, 6, 7, 9, 12, 15, 13, 19, 20, 11, 18, 16, 22, 10, 21, 23, 24, 17, 25, 26, 31, 27, 28, 29, 30, 32]
J3015_9.RCP 54 [1, 2, 3, 4, 5, 6, 8, 11, 7, 17, 12, 22, 19, 23, 13, 10, 24, 14, 26, 9, 16, 15, 21, 18, 25, 27, 20, 28, 29, 30, 31, 32]
J3015_10.RCP 65 [1, 3, 2, 4, 5, 6, 7, 10, 11, 19, 22, 15, 8, 16, 20, 12, 9, 17, 24, 25, 13, 14, 26, 27, 18, 31, 21, 28, 29, 23, 30, 32]
J3016_1.RCP 51 [1, 4, 3, 11, 2, 6, 13, 5, 16, 12, 19, 7, 8, 9, 14, 10, 26, 29, 20, 22, 15, 21, 23, 18, 17, 27, 24, 25, 28, 31, 30, 32]
J3016_2.RCP 48 [1, 3, 4, 5, 7, 8, 9, 2, 6, 10, 11, 15, 16, 28, 18, 17, 20, 14, 19, 13, 26, 23, 12, 22, 30, 21, 24, 27, 31, 25, 29, 32]
J3016_3.RCP 36 [1, 4, 2, 3, 19, 5, 14, 7, 12, 8, 15, 6, 11, 16, 20, 18, 10, 13, 23, 24, 9, 21, 17, 28, 22, 25, 26, 29, 27, 30, 31, 32]
J3016_4.RCP 47 [1, 3, 2, 6, 12, 4, 7, 8, 9, 17, 11, 20, 5, 14, 15, 19, 13, 23, 26, 10, 16, 22, 21, 18, 24, 29, 25, 28, 27, 31, 30, 32]
J3016_5.RCP 51 [1, 2, 4, 5, 7, 6, 12, 11, 3, 16, 14, 15, 9, 10, 24, 13, 25, 21, 17, 26, 18, 23, 28, 22, 8, 20, 31, 19, 27, 29, 30, 32]
J3016_6.RCP 51 [1, 2, 4, 5, 11, 15, 7, 21, 13, 20, 3, 8, 22, 14, 6, 9, 18, 25, 16, 24, 17, 27, 12, 10, 23, 26, 31, 19, 28, 29, 30, 32]
J3016_7.RCP 34 [1, 3, 2, 4, 8, 17, 5, 9, 15, 6, 18, 10, 7, 14, 11, 23, 16, 20, 12, 22, 13, 21, 26, 25, 19, 28, 30, 24, 27, 31, 29, 32]
J3016_8.RCP 44 [1, 2, 3, 6, 5, 7, 4, 8, 12, 14, 13, 9, 16, 15, 10, 22, 11, 19, 25, 17, 27, 18, 21, 26, 24, 20, 28, 29, 23, 31, 30, 32]
J3016_9.RCP 44 [1, 4, 2, 3, 7, 5, 6, 13, 11, 24, 10, 17, 8, 9, 12, 25, 27, 22, 16, 18, 14, 31, 19, 20, 23, 15, 21, 26, 28, 29, 30, 32]
J3016_10.RCP 51 [1, 3, 6, 8, 4, 5, 2, 11, 14, 9, 27, 7, 22, 21, 16, 28, 17, 10, 12, 18, 13, 15, 19, 24, 20, 26, 25, 23, 31, 29, 30, 32]
J3017_1.RCP 66 [1, 3, 2, 4, 20, 12, 5, 13, 15, 14, 6, 8, 9, 11, 16, 7, 19, 10, 21, 27, 23, 18, 17, 22, 26, 25, 24, 29, 28, 31, 30, 32]
J3017_2.RCP 68 [1, 3, 4, 2, 9, 5, 7, 6, 12, 8, 13, 15, 20, 14, 18, 11, 17, 22, 16, 10, 25, 24, 23, 27, 31, 19, 28, 21, 29, 26, 30, 32]
J3017_3.RCP 60 [1, 4, 3, 2, 5, 8, 6, 12, 13, 11, 9, 16, 14, 10, 7, 17, 15, 22, 23, 18, 20, 19, 24, 21, 28, 26, 25, 27, 29, 31, 30, 32]
J3017_4.RCP 49 [1, 3, 2, 4, 7, 8, 5, 15, 20, 6, 23, 11, 12, 10, 9, 13, 17, 19, 16, 14, 22, 18, 27, 21, 26, 28, 25, 24, 30, 31, 29, 32]
J3017_5.RCP 47 [1, 3, 4, 8, 2, 13, 12, 18, 5, 9, 6, 14, 20, 21, 17, 7, 19, 16, 10, 11, 22, 27, 15, 23, 25, 24, 26, 30, 29, 28, 31, 32]
J3017_6.RCP 63 [1, 3, 2, 4, 5, 6, 8, 10, 9, 15, 14, 11, 7, 17, 18, 13, 12, 21, 23, 16, 19, 24, 22, 20, 26, 27, 25, 28, 29, 31, 30, 32]
J3017_7.RCP 57 [1, 2, 4, 3, 6, 23, 7, 16, 9, 5, 8, 14, 13, 12, 19, 10, 17, 11, 18, 15, 27, 21, 20, 22, 28, 26, 24, 31, 25, 29, 30, 32]
J3017_8.RCP 61 [1, 2, 4, 12, 7, 3, 13, 11, 5, 8, 17, 6, 16, 10, 19, 18, 20, 14, 9, 21, 22, 15, 26, 31, 23, 24, 27, 25, 28, 30, 29, 32]
J3017_9.RCP 48 [1, 2, 4, 3, 7, 22, 5, 8, 6, 10, 15, 16, 21, 12, 9, 20, 13, 17, 23, 18, 11, 14, 19, 25, 24, 26, 31, 30, 28, 27, 29, 32]
J3017_10.RCP 66 [1, 4, 2, 3, 12, 6, 17, 16, 8, 5, 14, 13, 10, 20, 7, 11, 19, 15, 21, 23, 9, 22, 24, 25, 18, 27, 26, 28, 30, 29, 31, 32]
J3018_1.RCP 53 [1, 2, 3, 4, 11, 10, 8, 5, 7, 9, 12, 15, 16, 6, 13, 17, 21, 14, 18, 19, 24, 22, 23, 25, 26, 20, 29, 30, 28, 27, 31, 32]
J3018_2.RCP 55 [1, 3, 2, 5, 7, 14, 10, 6, 9, 15, 8, 11, 13, 4, 20, 22, 12, 24, 31, 18, 17, 25, 21, 23, 19, 26, 16, 27, 28, 30, 29, 32]
J3018_3.RCP 56 [1, 3, 2, 4, 6, 5, 12, 7, 16, 10, 15, 9, 18, 8, 11, 20, 23, 17, 14, 19, 24, 25, 22, 21, 13, 26, 27, 28, 31, 30, 29, 32]
J3018_4.RCP 70 [1, 4, 2, 3, 7, 6, 13, 5, 10, 11, 8, 16, 9, 14, 15, 12, 17, 20, 22, 24, 23, 19, 18, 25, 21, 27, 30, 26, 28, 29, 31, 32]
J3018_5.RCP 52 [1, 2, 4, 3, 13, 6, 15, 5, 17, 7, 10, 16, 9, 11, 12, 14, 22, 20, 8, 24, 18, 19, 23, 25, 21, 27, 28, 26, 31, 29, 30, 32]
J3018_6.RCP 62 [1, 3, 4, 2, 6, 11, 12, 5, 13, 15, 16, 7, 19, 18, 10, 9, 20, 21, 23, 8, 26, 22, 17, 31, 25, 14, 24, 30, 27, 28, 29, 32]
J3018_7.RCP 48 [1, 3, 4, 21, 2, 5, 7, 22, 19, 12, 6, 8, 10, 23, 13, 9, 14, 17, 11, 16, 15, 26, 18, 25, 28, 24, 27, 20, 31, 29, 30, 32]
J3018_8.RCP 52 [1, 4, 3, 7, 2, 14, 8, 6, 9, 12, 5, 18, 16, 13, 10, 19, 25, 11, 21, 15, 22, 24, 26, 23, 20, 28, 27, 30, 17, 31, 29, 32]
J3018_9.RCP 47 [1, 3, 4, 2, 11, 5, 10, 8, 9, 19, 12, 16, 24, 20, 15, 7, 14, 22, 18, 21, 26, 25, 13, 6, 28, 27, 17, 23, 31, 30, 29, 32]
J3018_10.RCP 49 [1, 3, 2, 4, 6, 15, 5, 9, 10, 12, 18, 14, 7, 8, 21, 11, 27, 13, 17, 22, 16, 23, 20, 19, 25, 24, 28, 26, 31, 29, 30, 32]
J3019_1.RCP 40 [1, 2, 4, 5, 13, 8, 3, 14, 6, 7, 10, 9, 16, 11, 21, 27, 12, 18, 17, 15, 20, 19, 22, 23, 31, 24, 26, 25, 30, 28, 29, 32]
J3019_2.RCP 58 [1, 4, 3, 2, 5, 8, 7, 6, 17, 9, 13, 12, 10, 14, 15, 19, 22, 20, 16, 26, 24, 21, 18, 27, 25, 11, 23, 28, 30, 29, 31, 32]
J3019_3.RCP 83 [1, 2, 4, 3, 17, 5, 7, 9, 8, 10, 6, 26, 13, 12, 16, 11, 14, 24, 18, 15, 21, 19, 20, 23, 25, 22, 27, 30, 28, 29, 31, 32]
J3019_4.RCP 39 [1, 4, 2, 6, 7, 3, 5, 9, 18, 8, 13, 12, 17, 11, 24, 21, 25, 10, 19, 14, 15, 26, 28, 20, 16, 22, 27, 23, 30, 31, 29, 32]
J3019_5.RCP 48 [1, 3, 2, 4, 9, 6, 10, 5, 11, 7, 15, 19, 12, 14, 8, 18, 17, 22, 24, 21, 20, 23, 25, 13, 16, 27, 28, 26, 30, 29, 31, 32]
J3019_6.RCP 49 [1, 2, 3, 4, 5, 13, 7, 10, 9, 6, 12, 11, 21, 15, 14, 18, 17, 8, 20, 16, 25, 22, 24, 28, 23, 27, 30, 19, 29, 26, 31, 32]
J3019_7.RCP 57 [1, 4, 2, 10, 11, 3, 5, 15, 12, 6, 14, 8, 17, 7, 13, 21, 19, 18, 9, 23, 22, 16, 25, 28, 20, 24, 26, 27, 30, 31, 29, 32]
J3019_8.RCP 55 [1, 2, 4, 3, 6, 16, 8, 14, 12, 13, 5, 10, 17, 7, 15, 9, 20, 19, 23, 11, 25, 18, 24, 21, 28, 26, 27, 31, 22, 29, 30, 32]
J3019_9.RCP 38 [1, 4, 2, 12, 5, 11, 10, 6, 3, 19, 8, 9, 7, 17, 14, 20, 13, 18, 23, 25, 21, 27, 28, 15, 22, 16, 24, 26, 30, 29, 31, 32]
J3019_10.RCP 47 [1, 4, 7, 8, 10, 21, 6, 2, 3, 5, 11, 9, 18, 22, 14, 16, 17, 23, 12, 13, 20, 24, 19, 15, 28, 25, 27, 29, 26, 30, 31, 32]
