J301_1.RCP 43 [1, 4, 3, 2, 13, 8, 10, 18, 7, 11, 12, 16, 9, 19, 27, 15, 14, 5, 20, 17, 29, 22, 21, 26, 6, 28, 23, 24, 25, 31, 30, 32]
J301_2.RCP 47 [1, 2, 4, 3, 10, 7, 5, 6, 17, 9, 22, 15, 11, 16, 19, 20, 26, 18, 13, 12, 8, 21, 23, 14, 24, 27, 29, 28, 31, 25, 30, 32]
J301_3.RCP 47 [1, 3, 4, 5, 7, 6, 12, 9, 20, 15, 10, 8, 18, 11, 14, 17, 2, 23, 24, 19, 27, 28, 16, 13, 21, 22, 31, 25, 26, 29, 30, 32]
J301_4.RCP 62 [1, 4, 2, 6, 14, 7, 5, 3, 8, 19, 24, 9, 22, 10, 13, 23, 15, 11, 12, 21, 18, 16, 27, 17, 26, 20, 31, 25, 29, 28, 30, 32]
J301_5.RCP 40 [1, 3, 2, 4, 8, 5, 10, 15, 14, 27, 6, 16, 20, 7, 9, 11, 18, 12, 19, 13, 17, 25, 21, 22, 23, 26, 24, 31, 29, 28, 30, 32]
J301_6.RCP 49 [1, 4, 2, 5, 3, 11, 7, 6, 12, 10, 23, 15, 8, 21, 27, 13, 9, 24, 25, 16, 14, 22, 19, 17, 28, 30, 18, 20, 31, 26, 29, 32]
J301_7.RCP 60 [1, 4, 3, 2, 5, 6, 10, 24, 13, 12, 18, 16, 9, 8, 21, 11, 17, 26, 20, 15, 25, 7, 22, 19, 14, 27, 23, 28, 30, 29, 31, 32]
J301_8.RCP 56 [1, 2, 3, 4, 10, 5, 8, 9, 11, 22, 6, 14, 12, 17, 7, 19, 23, 20, 13, 24, 16, 25, 15, 18, 30, 26, 27, 21, 28, 31, 29, 32]
J301_9.RCP 49 [1, 4, 2, 10, 7, 3, 20, 5, 8, 15, 24, 12, 6, 9, 13, 18, 21, 19, 22, 14, 17, 25, 16, 11, 26, 31, 27, 28, 23, 30, 29, 32]
J301_10.RCP 45 [1, 4, 2, 5, 3, 7, 8, 11, 18, 22, 20, 9, 12, 16, 13, 14, 10, 21, 23, 15, 17, 19, 6, 25, 26, 24, 27, 30, 28, 29, 31, 32]
J302_1.RCP 38 [1, 2, 3, 4, 8, 7, 6, 10, 17, 14, 9, 5, 20, 15, 13, 19, 12, 11, 18, 21, 27, 24, 16, 22, 23, 28, 26, 29, 25, 31, 30, 32]
J302_2.RCP 51 [1, 4, 2, 3, 7, 8, 9, 5, 16, 18, 6, 13, 12, 15, 14, 17, 10, 26, 19, 20, 21, 25, 23, 29, 22, 11, 27, 28, 24, 30, 31, 32]
J302_3.RCP 43 [1, 3, 4, 10, 6, 2, 7, 5, 15, 18, 14, 12, 19, 16, 9, 23, 27, 11, 24, 21, 8, 13, 26, 31, 28, 22, 20, 17, 30, 25, 29, 32]
J302_4.RCP 43 [1, 2, 3, 4, 5, 14, 18, 13, 21, 6, 19, 12, 8, 16, 9, 7, 11, 23, 17, 15, 27, 26, 28, 10, 25, 24, 20, 30, 29, 22, 31, 32]
J302_5.RCP 51 [1, 3, 2, 4, 5, 6, 29, 8, 19, 7, 9, 11, 12, 14, 17, 20, 13, 16, 15, 10, 24, 22, 23, 21, 18, 25, 27, 26, 30, 28, 31, 32]
J302_6.RCP 47 [1, 3, 2, 5, 13, 12, 7, 4, 8, 9, 16, 6, 18, 29, 11, 10, 15, 21, 19, 20, 14, 28, 22, 25, 17, 24, 23, 26, 27, 30, 31, 32]
J302_7.RCP 47 [1, 2, 4, 3, 5, 10, 9, 8, 13, 7, 14, 6, 24, 17, 11, 22, 15, 12, 16, 18, 19, 23, 27, 21, 25, 20, 28, 29, 30, 26, 31, 32]
J302_8.RCP 54 [1, 2, 3, 5, 6, 13, 7, 10, 4, 8, 15, 21, 14, 19, 22, 9, 23, 17, 20, 11, 27, 12, 26, 24, 18, 25, 31, 16, 28, 29, 30, 32]
J302_9.RCP 54 [1, 3, 2, 7, 4, 15, 6, 5, 10, 13, 17, 9, 8, 19, 18, 23, 11, 12, 21, 20, 14, 16, 28, 27, 22, 26, 24, 25, 31, 30, 29, 32]
J302_10.RCP 43 [1, 4, 2, 3, 7, 10, 13, 5, 11, 6, 9, 16, 21, 17, 8, 15, 18, 24, 12, 19, 14, 25, 26, 20, 22, 27, 23, 28, 29, 31, 30, 32]
J303_1.RCP 72 [1, 2, 3, 4, 5, 7, 10, 6, 11, 17, 12, 9, 23, 8, 14, 18, 13, 19, 16, 24, 15, 21, 20, 22, 25, 29, 28, 26, 30, 27, 31, 32]
J303_2.RCP 40 [1, 3, 2, 4, 5, 6, 12, 8, 7, 9, 19, 14, 10, 20, 13, 17, 21, 26, 11, 15, 18, 16, 22, 23, 30, 24, 25, 27, 28, 31, 29, 32]
J303_3.RCP 57 [1, 3, 4, 5, 20, 9, 10, 8, 13, 2, 6, 7, 15, 19, 17, 16, 11, 21, 23, 26, 14, 12, 22, 24, 18, 28, 27, 25, 29, 31, 30, 32]
J303_4.RCP 98 [1, 2, 4, 3, 5, 7, 18, 8, 6, 24, 9, 10, 15, 21, 11, 17, 12, 14, 16, 25, 13, 20, 22, 23, 19, 26, 27, 30, 28, 29, 31, 32]
J303_5.RCP 53 [1, 3, 2, 4, 5, 8, 6, 7, 12, 16, 10, 11, 25, 9, 14, 17, 27, 15, 23, 24, 18, 21, 13, 19, 20, 22, 26, 28, 29, 31, 30, 32]
J303_6.RCP 54 [1, 4, 3, 9, 2, 7, 21, 8, 11, 25, 13, 5, 12, 24, 10, 6, 18, 16, 15, 14, 19, 20, 23, 29, 17, 26, 22, 27, 28, 31, 30, 32]
J303_7.RCP 48 [1, 2, 4, 3, 9, 23, 5, 13, 30, 6, 16, 12, 19, 8, 11, 7, 15, 21, 18, 14, 25, 17, 24, 20, 22, 10, 28, 26, 27, 29, 31, 32]
J303_8.RCP 54 [1, 4, 3, 2, 15, 24, 5, 11, 8, 6, 17, 12, 9, 7, 13, 25, 10, 19, 14, 20, 18, 21, 30, 23, 16, 27, 26, 28, 22, 31, 29, 32]
J303_9.RCP 65 [1, 2, 3, 14, 13, 25, 4, 9, 5, 7, 6, 11, 12, 18, 19, 10, 15, 8, 23, 16, 17, 22, 20, 27, 30, 21, 24, 26, 29, 28, 31, 32]
J303_10.RCP 59 [1, 2, 3, 4, 7, 5, 24, 9, 6, 10, 12, 8, 13, 11, 21, 14, 15, 18, 31, 22, 19, 17, 23, 16, 20, 25, 26, 28, 30, 27, 29, 32]
J304_1.RCP 49 [1, 4, 3, 2, 10, 5, 7, 6, 9, 12, 14, 16, 8, 22, 21, 11, 19, 23, 13, 30, 18, 25, 15, 24, 20, 17, 27, 26, 28, 29, 31, 32]
J304_2.RCP 60 [1, 2, 3, 4, 5, 6, 12, 8, 23, 9, 15, 7, 11, 13, 17, 19, 14, 24, 18, 10, 25, 16, 20, 31, 27, 21, 28, 22, 26, 29, 30, 32]
J304_3.RCP 47 [1, 2, 4, 10, 3, 5, 7, 8, 19, 11, 25, 6, 21, 13, 15, 29, 14, 9, 20, 23, 12, 22, 17, 16, 24, 28, 18, 26, 27, 30, 31, 32]
J304_4.RCP 57 [1, 3, 4, 2, 5, 6, 11, 9, 13, 8, 7, 16, 10, 19, 12, 22, 15, 20, 14, 24, 21, 18, 25, 17, 27, 23, 28, 26, 31, 30, 29, 32]
J304_5.RCP 59 [1, 4, 3, 2, 6, 12, 9, 5, 7, 22, 15, 8, 13, 10, 23, 14, 17, 20, 16, 11, 24, 18, 26, 25, 27, 19, 28, 21, 30, 31, 29, 32]
J304_6.RCP 45 [1, 2, 3, 4, 6, 5, 15, 20, 13, 17, 7, 9, 8, 11, 14, 23, 12, 26, 16, 25, 10, 28, 18, 19, 21, 22, 24, 27, 30, 31, 29, 32]
J304_7.RCP 56 [1, 3, 2, 4, 5, 9, 6, 11, 7, 19, 8, 13, 26, 15, 10, 23, 14, 17, 12, 20, 22, 16, 27, 24, 28, 29, 18, 21, 25, 30, 31, 32]
J304_8.RCP 55 [1, 4, 3, 2, 6, 9, 7, 10, 15, 5, 11, 12, 20, 16, 13, 8, 17, 26, 22, 23, 14, 19, 30, 25, 18, 21, 27, 28, 31, 24, 29, 32]
J304_9.RCP 38 [1, 4, 2, 3, 8, 6, 18, 5, 12, 16, 15, 10, 23, 24, 13, 7, 14, 9, 21, 19, 20, 11, 17, 25, 26, 27, 28, 22, 30, 29, 31, 32]
J304_10.RCP 48 [1, 4, 2, 7, 3, 17, 10, 18, 8, 5, 26, 9, 13, 6, 16, 11, 19, 14, 21, 12, 25, 23, 22, 20, 15, 27, 24, 29, 28, 31, 30, 32]
J305_1.RCP 53 [1, 4, 3, 6, 5, 8, 2, 19, 16, 10, 11, 7, 12, 13, 21, 15, 22, 14, 25, 9, 23, 20, 17, 24, 26, 18, 28, 27, 30, 31, 29, 32]
J305_2.RCP 83 [1, 2, 11, 3, 4, 8, 5, 9, 20, 6, 21, 10, 12, 7, 15, 13, 18, 14, 16, 30, 17, 19, 25, 22, 23, 27, 24, 28, 31, 26, 29, 32]
J305_3.RCP 76 [1, 3, 4, 2, 5, 6, 7, 18, 15, 10, 13, 8, 9, 11, 16, 26, 22, 12, 20, 27, 19, 14, 17, 23, 21, 29, 24, 25, 30, 28, 31, 32]
J305_4.RCP 63 [1, 2, 3, 12, 4, 7, 10, 5, 9, 6, 14, 17, 13, 11, 8, 19, 23, 16, 21, 22, 20, 29, 15, 28, 25, 27, 18, 24, 26, 30, 31, 32]
J305_5.RCP 76 [1, 2, 3, 4, 6, 5, 10, 22, 9, 8, 17, 16, 7, 12, 15, 11, 20, 19, 21, 23, 13, 18, 31, 24, 26, 14, 25, 29, 27, 28, 30, 32]
J305_6.RCP 64 [1, 3, 4, 10, 2, 5, 16, 13, 6, 8, 11, 18, 12, 7, 19, 15, 9, 21, 20, 14, 25, 17, 26, 22, 24, 27, 28, 23, 31, 30, 29, 32]
J305_7.RCP 76 [1, 3, 4, 2, 15, 12, 5, 16, 11, 24, 9, 18, 7, 6, 25, 10, 17, 20, 14, 19, 28, 27, 8, 22, 13, 26, 23, 30, 21, 31, 29, 32]
J305_8.RCP 67 [1, 4, 3, 8, 7, 5, 9, 10, 6, 11, 12, 2, 13, 14, 18, 19, 15, 16, 20, 25, 21, 17, 26, 22, 24, 27, 28, 23, 31, 29, 30, 32]
J305_9.RCP 49 [1, 2, 3, 4, 9, 5, 14, 12, 15, 7, 22, 6, 23, 16, 20, 25, 10, 21, 8, 24, 19, 18, 30, 11, 26, 29, 17, 13, 28, 27, 31, 32]
J305_10.RCP 70 [1, 2, 3, 4, 5, 14, 6, 23, 16, 21, 7, 10, 26, 12, 9, 8, 20, 18, 17, 11, 28, 13, 27, 24, 19, 15, 22, 25, 31, 30, 29, 32]
J306_1.RCP 59 [1, 2, 3, 4, 6, 7, 14, 5, 15, 10, 17, 25, 8, 26, 13, 16, 9, 11, 20, 21, 18, 27, 24, 22, 12, 19, 28, 23, 29, 30, 31, 32]
J306_2.RCP 51 [1, 2, 4, 5, 6, 14, 9, 10, 19, 16, 3, 20, 11, 8, 13, 15, 24, 22, 23, 17, 18, 25, 12, 21, 27, 30, 26, 7, 28, 29, 31, 32]
J306_3.RCP 48 [1, 2, 4, 3, 6, 5, 13, 7, 9, 8, 18, 10, 14, 21, 19, 12, 24, 15, 11, 17, 23, 26, 27, 22, 16, 20, 31, 28, 25, 30, 29, 32]
J306_4.RCP 42 [1, 3, 2, 7, 6, 5, 11, 21, 4, 10, 8, 13, 25, 9, 15, 17, 20, 16, 12, 18, 14, 19, 22, 23, 28, 24, 27, 26, 30, 29, 31, 32]
J306_5.RCP 67 [1, 4, 3, 6, 12, 13, 8, 2, 18, 5, 9, 11, 20, 15, 16, 14, 7, 17, 21, 10, 19, 22, 24, 28, 27, 23, 25, 26, 30, 31, 29, 32]
J306_6.RCP 37 [1, 4, 2, 3, 5, 13, 17, 20, 9, 6, 11, 21, 22, 7, 16, 14, 8, 12, 10, 15, 23, 25, 19, 26, 24, 18, 27, 28, 29, 31, 30, 32]
J306_7.RCP 46 [1, 4, 5, 11, 3, 8, 2, 10, 12, 9, 16, 6, 14, 28, 13, 21, 15, 7, 20, 19, 17, 18, 24, 22, 23, 26, 27, 25, 30, 31, 29, 32]
J306_8.RCP 39 [1, 4, 3, 2, 5, 10, 15, 6, 14, 19, 8, 7, 12, 13, 18, 9, 17, 26, 20, 16, 24, 23, 21, 22, 25, 11, 28, 27, 30, 29, 31, 32]
J306_9.RCP 51 [1, 2, 4, 3, 20, 5, 6, 8, 7, 9, 18, 25, 11, 13, 10, 16, 15, 12, 22, 14, 19, 26, 17, 21, 28, 23, 24, 27, 31, 30, 29, 32]
J306_10.RCP 61 [1, 4, 2, 11, 3, 7, 5, 20, 6, 13, 14, 9, 15, 8, 12, 16, 18, 25, 10, 17, 24, 22, 26, 31, 21, 19, 29, 28, 27, 23, 30, 32]
J307_1.RCP 55 [1, 4, 3, 2, 6, 9, 8, 5, 11, 7, 21, 22, 17, 20, 12, 10, 28, 16, 13, 24, 15, 14, 25, 18, 29, 27, 26, 19, 23, 30, 31, 32]
J307_2.RCP 42 [1, 4, 2, 3, 10, 9, 5, 14, 27, 11, 7, 8, 6, 19, 13, 20, 18, 12, 17, 15, 21, 22, 16, 23, 24, 30, 26, 25, 28, 29, 31, 32]
J307_3.RCP 42 [1, 2, 4, 3, 5, 7, 18, 8, 6, 10, 12, 15, 11, 9, 13, 16, 20, 14, 17, 25, 19, 24, 27, 21, 23, 26, 22, 28, 30, 29, 31, 32]
J307_4.RCP 44 [1, 3, 4, 2, 5, 9, 14, 18, 7, 15, 11, 8, 12, 13, 16, 6, 10, 21, 19, 23, 26, 22, 25, 27, 17, 28, 30, 24, 20, 29, 31, 32]
J307_5.RCP 44 [1, 2, 4, 10, 7, 3, 5, 8, 12, 11, 17, 24, 14, 6, 21, 15, 9, 13, 18, 16, 19, 23, 20, 27, 25, 26, 22, 28, 29, 30, 31, 32]
J307_6.RCP 35 [1, 3, 2, 4, 10, 14, 6, 5, 7, 16, 12, 18, 15, 8, 22, 9, 24, 26, 17, 21, 19, 20, 11, 13, 25, 23, 27, 28, 31, 29, 30, 32]
J307_7.RCP 50 [1, 4, 3, 2, 6, 5, 8, 9, 15, 7, 10, 22, 12, 21, 14, 16, 26, 11, 20, 13, 18, 23, 28, 24, 25, 17, 19, 27, 29, 30, 31, 32]
J307_8.RCP 44 [1, 4, 2, 3, 6, 15, 9, 7, 12, 5, 14, 8, 10, 19, 20, 13, 25, 11, 27, 28, 17, 16, 21, 22, 24, 26, 18, 23, 30, 29, 31, 32]
J307_9.RCP 60 [1, 4, 3, 7, 2, 8, 6, 15, 11, 10, 5, 21, 9, 18, 12, 13, 16, 28, 26, 17, 20, 14, 29, 22, 23, 24, 25, 30, 19, 27, 31, 32]
J307_10.RCP 49 [1, 2, 4, 3, 5, 11, 12, 6, 7, 22, 31, 17, 8, 13, 9, 10, 23, 15, 19, 14, 18, 25, 21, 16, 26, 20, 24, 29, 27, 28, 30, 32]
J308_1.RCP 44 [1, 2, 4, 3, 6, 18, 5, 11, 13, 12, 17, 7, 8, 9, 15, 19, 14, 21, 20, 16, 10, 24, 23, 22, 27, 26, 25, 28, 31, 30, 29, 32]
J308_2.RCP 51 [1, 3, 4, 2, 20, 11, 9, 5, 8, 13, 10, 6, 15, 12, 17, 16, 25, 23, 14, 22, 19, 18, 24, 21, 7, 28, 26, 29, 31, 27, 30, 32]
J308_3.RCP 53 [1, 4, 2, 7, 3, 10, 19, 5, 13, 9, 6, 11, 14, 17, 21, 8, 12, 16, 18, 20, 24, 15, 31, 28, 25, 22, 26, 23, 30, 27, 29, 32]
J308_4.RCP 48 [1, 2, 4, 7, 10, 3, 5, 15, 8, 9, 22, 11, 13, 14, 12, 16, 27, 17, 6, 19, 23, 18, 25, 20, 24, 21, 30, 26, 28, 29, 31, 32]
J308_5.RCP 58 [1, 4, 2, 3, 6, 5, 13, 8, 7, 9, 14, 15, 17, 21, 11, 12, 20, 24, 18, 10, 19, 22, 25, 16, 30, 23, 26, 28, 27, 29, 31, 32]
J308_6.RCP 47 [1, 3, 2, 6, 5, 14, 4, 8, 11, 15, 7, 9, 16, 18, 10, 13, 21, 12, 17, 27, 23, 19, 22, 30, 24, 28, 25, 20, 26, 31, 29, 32]
J308_7.RCP 41 [1, 2, 4, 11, 3, 9, 8, 10, 5, 18, 6, 12, 7, 14, 22, 23, 20, 21, 24, 17, 15, 13, 16, 19, 26, 25, 27, 28, 31, 30, 29, 32]
J308_8.RCP 51 [1, 4, 2, 3, 5, 6, 11, 8, 15, 10, 7, 12, 13, 21, 19, 18, 14, 20, 26, 16, 9, 22, 31, 24, 23, 25, 17, 28, 27, 29, 30, 32]
J308_9.RCP 39 [1, 3, 2, 4, 7, 24, 5, 14, 15, 8, 12, 6, 11, 18, 9, 25, 10, 13, 16, 22, 17, 19, 21, 27, 26, 23, 29, 30, 20, 28, 31, 32]
J308_10.RCP 67 [1, 2, 3, 4, 8, 6, 5, 13, 15, 9, 7, 20, 10, 18, 30, 16, 22, 14, 11, 23, 19, 12, 21, 24, 17, 25, 27, 26, 28, 31, 29, 32]
J309_1.RCP 83 [1, 3, 4, 11, 7, 9, 2, 10, 18, 14, 8, 24, 13, 5, 16, 26, 25, 28, 15, 12, 17, 6, 27, 23, 20, 19, 21, 31, 22, 29, 30, 32]
J309_2.RCP 92 [1, 3, 4, 11, 5, 8, 18, 7, 21, 28, 6, 12, 16, 13, 30, 9, 10, 14, 24, 2, 20, 15, 17, 27, 19, 22, 25, 31, 23, 26, 29, 32]
J309_3.RCP 68 [1, 3, 6, 10, 2, 14, 12, 16, 5, 15, 25, 9, 7, 20, 21, 23, 13, 11, 19, 26, 4, 24, 8, 22, 17, 27, 28, 30, 18, 31, 29, 32]
J309_4.RCP 72 [1, 2, 4, 9, 3, 5, 8, 16, 14, 6, 23, 28, 7, 13, 20, 12, 21, 11, 19, 25, 26, 10, 27, 17, 29, 15, 22, 18, 31, 24, 30, 32]
J309_5.RCP 70 [1, 3, 2, 4, 7, 5, 10, 14, 8, 6, 13, 19, 9, 20, 18, 15, 11, 23, 12, 21, 17, 16, 25, 22, 27, 30, 28, 24, 26, 29, 31, 32]
J309_6.RCP 59 [1, 2, 7, 3, 13, 5, 4, 17, 14, 6, 11, 18, 21, 8, 22, 25, 20, 26, 9, 16, 23, 27, 19, 15, 10, 28, 31, 30, 12, 24, 29, 32]
J309_7.RCP 63 [1, 2, 9, 4, 3, 24, 5, 6, 13, 8, 14, 15, 11, 17, 7, 12, 21, 10, 20, 18, 23, 16, 27, 28, 19, 22, 29, 30, 25, 26, 31, 32]
J309_8.RCP 92 [1, 4, 2, 24, 8, 5, 14, 3, 7, 6, 11, 18, 13, 10, 12, 9, 17, 15, 21, 28, 16, 19, 26, 20, 23, 25, 27, 22, 29, 30, 31, 32]
J309_9.RCP 63 [1, 4, 7, 3, 2, 11, 16, 17, 9, 21, 10, 5, 20, 6, 22, 13, 18, 23, 8, 12, 14, 19, 15, 24, 30, 26, 28, 25, 27, 29, 31, 32]
J309_10.RCP 88 [1, 2, 3, 5, 9, 8, 6, 4, 10, 7, 13, 23, 26, 12, 11, 21, 15, 14, 16, 24, 20, 18, 22, 27, 28, 17, 19, 25, 29, 30, 31, 32]
J3010_1.RCP 42 [1, 2, 3, 4, 11, 15, 16, 7, 5, 8, 17, 28, 6, 24, 9, 18, 14, 13, 19, 10, 20, 25, 12, 21, 22, 23, 27, 30, 26, 31, 29, 32]
J3010_2.RCP 57 [1, 4, 3, 8, 18, 6, 2, 10, 7, 12, 15, 11, 5, 13, 9, 21, 14, 16, 17, 20, 24, 23, 19, 22, 27, 25, 28, 26, 29, 31, 30, 32]
J3010_3.RCP 63 [1, 3, 2, 4, 18, 6, 5, 7, 29, 17, 12, 9, 8, 13, 10, 15, 11, 14, 25, 22, 19, 27, 16, 23, 20, 28, 21, 26, 24, 31, 30, 32]
J3010_4.RCP 58 [1, 3, 4, 2, 13, 16, 6, 7, 9, 18, 10, 5, 8, 12, 22, 14, 20, 17, 15, 25, 19, 11, 26, 24, 21, 27, 23, 29, 28, 31, 30, 32]
J3010_5.RCP 41 [1, 3, 4, 2, 10, 25, 9, 20, 12, 14, 5, 16, 8, 15, 7, 6, 18, 24, 17, 13, 11, 26, 21, 22, 19, 28, 27, 23, 29, 31, 30, 32]
J3010_6.RCP 44 [1, 2, 4, 3, 18, 10, 12, 6, 5, 8, 13, 19, 21, 11, 23, 14, 15, 7, 17, 20, 22, 26, 9, 24, 27, 16, 28, 25, 30, 31, 29, 32]
J3010_7.RCP 49 [1, 2, 3, 4, 8, 6, 9, 7, 10, 13, 15, 5, 20, 12, 11, 18, 22, 14, 19, 26, 24, 17, 16, 23, 28, 25, 21, 30, 29, 27, 31, 32]
J3010_8.RCP 55 [1, 4, 3, 7, 16, 2, 5, 8, 11, 14, 12, 6, 13, 26, 10, 23, 15, 22, 18, 19, 17, 21, 9, 27, 25, 24, 20, 31, 28, 30, 29, 32]
J3010_9.RCP 49 [1, 4, 2, 3, 5, 7, 8, 6, 17, 11, 9, 23, 28, 10, 13, 22, 16, 14, 20, 21, 24, 12, 15, 26, 19, 18, 29, 25, 30, 27, 31, 32]
J3010_10.RCP 41 [1, 3, 2, 4, 6, 8, 5, 19, 22, 11, 9, 16, 10, 14, 20, 23, 12, 13, 17, 18, 7, 15, 24, 29, 21, 26, 25, 27, 28, 30, 31, 32]
J3011_1.RCP 54 [1, 4, 3, 10, 2, 6, 17, 5, 7, 21, 9, 11, 18, 13, 12, 8, 20, 16, 15, 25, 14, 19, 23, 22, 26, 29, 24, 28, 31, 27, 30, 32]
J3011_2.RCP 56 [1, 3, 4, 2, 5, 10, 8, 12, 7, 13, 24, 6, 18, 14, 19, 11, 15, 9, 25, 26, 20, 21, 16, 30, 23, 27, 17, 22, 29, 28, 31, 32]
J3011_3.RCP 81 [1, 2, 3, 12, 6, 13, 8, 14, 20, 17, 10, 21, 11, 15, 23, 16, 19, 18, 7, 4, 25, 26, 5, 29, 9, 22, 24, 27, 28, 30, 31, 32]
J3011_4.RCP 63 [1, 3, 2, 4, 6, 11, 7, 8, 9, 13, 10, 12, 5, 16, 14, 19, 24, 20, 15, 30, 17, 22, 18, 21, 26, 27, 23, 25, 28, 29, 31, 32]
J3011_5.RCP 50 [1, 2, 3, 5, 10, 11, 14, 6, 7, 4, 8, 15, 9, 17, 16, 19, 22, 27, 12, 18, 20, 13, 24, 23, 31, 25, 21, 28, 26, 30, 29, 32]
J3011_6.RCP 44 [1, 4, 3, 2, 5, 16, 15, 6, 8, 12, 17, 22, 13, 7, 10, 14, 9, 11, 20, 19, 27, 18, 23, 21, 29, 26, 24, 25, 28, 30, 31, 32]
J3011_7.RCP 36 [1, 2, 3, 6, 7, 8, 4, 10, 12, 13, 27, 21, 5, 20, 15, 14, 19, 16, 18, 9, 11, 24, 28, 22, 17, 26, 29, 23, 30, 25, 31, 32]
J3011_8.RCP 62 [1, 3, 4, 2, 5, 20, 6, 18, 7, 12, 19, 13, 9, 16, 11, 8, 10, 14, 24, 15, 21, 23, 26, 17, 22, 25, 28, 29, 31, 27, 30, 32]
J3011_9.RCP 67 [1, 2, 3, 6, 17, 7, 8, 10, 11, 9, 20, 15, 13, 19, 22, 4, 24, 23, 5, 18, 27, 12, 26, 16, 14, 25, 31, 21, 28, 30, 29, 32]
J3011_10.RCP 38 [1, 2, 4, 10, 7, 11, 3, 8, 12, 6, 13, 5, 17, 9, 23, 15, 18, 20, 16, 27, 14, 19, 25, 24, 21, 31, 28, 30, 22, 26, 29, 32]
J3012_1.RCP 47 [1, 2, 3, 5, 9, 6, 10, 4, 17, 18, 11, 8, 22, 12, 14, 19, 7, 15, 23, 16, 13, 21, 24, 26, 20, 27, 28, 25, 29, 30, 31, 32]
J3012_2.RCP 46 [1, 2, 3, 13, 8, 4, 7, 5, 12, 11, 6, 10, 9, 18, 15, 22, 26, 16, 23, 14, 19, 17, 21, 24, 27, 25, 20, 28, 30, 29, 31, 32]
J3012_3.RCP 37 [1, 3, 2, 4, 6, 9, 7, 10, 15, 5, 11, 18, 8, 12, 17, 14, 26, 16, 20, 24, 23, 21, 22, 27, 28, 13, 19, 29, 25, 31, 30, 32]
J3012_4.RCP 63 [1, 2, 4, 3, 9, 10, 5, 19, 7, 15, 6, 16, 13, 11, 17, 21, 26, 18, 8, 22, 29, 14, 20, 27, 24, 25, 12, 23, 28, 31, 30, 32]
J3012_5.RCP 47 [1, 3, 2, 4, 5, 10, 9, 17, 14, 24, 13, 12, 6, 8, 16, 18, 11, 20, 27, 7, 19, 15, 21, 23, 26, 22, 25, 30, 28, 29, 31, 32]
J3012_6.RCP 53 [1, 3, 2, 10, 6, 5, 4, 17, 19, 13, 8, 7, 22, 11, 12, 20, 14, 16, 9, 15, 28, 25, 23, 18, 21, 24, 27, 26, 30, 31, 29, 32]
J3012_7.RCP 55 [1, 3, 4, 5, 2, 7, 18, 6, 10, 14, 12, 8, 9, 15, 17, 11, 26, 20, 13, 16, 19, 28, 21, 27, 22, 25, 24, 23, 31, 29, 30, 32]
J3012_8.RCP 35 [1, 2, 3, 4, 5, 6, 12, 15, 11, 9, 19, 10, 8, 7, 13, 22, 20, 18, 16, 23, 14, 26, 21, 17, 24, 29, 25, 28, 27, 31, 30, 32]
J3012_9.RCP 52 [1, 4, 2, 3, 11, 7, 6, 12, 8, 5, 14, 10, 13, 16, 9, 19, 21, 20, 15, 18, 17, 25, 28, 22, 26, 27, 23, 24, 31, 29, 30, 32]
J3012_10.RCP 57 [1, 2, 4, 5, 6, 3, 9, 10, 11, 8, 7, 21, 18, 19, 14, 20, 13, 17, 15, 12, 23, 16, 25, 24, 22, 27, 26, 28, 30, 29, 31, 32]
J3013_1.RCP 59 [1, 4, 3, 10, 6, 2, 14, 15, 5, 11, 12, 7, 21, 8, 18, 17, 24, 23, 9, 31, 27, 19, 13, 16, 28, 20, 25, 22, 29, 26, 30, 32]
J3013_2.RCP 62 [1, 4, 2, 3, 8, 5, 6, 10, 20, 19, 11, 7, 17, 27, 12, 9, 15, 16, 18, 21, 24, 22, 25, 26, 23, 14, 28, 13, 29, 31, 30, 32]
J3013_3.RCP 77 [1, 2, 3, 4, 5, 6, 11, 9, 10, 8, 19, 16, 12, 7, 21, 13, 28, 18, 14, 15, 26, 22, 17, 23, 20, 27, 24, 29, 25, 30, 31, 32]
J3013_4.RCP 73 [1, 4, 2, 3, 5, 8, 7, 6, 14, 12, 10, 16, 9, 18, 23, 28, 13, 11, 22, 19, 17, 26, 15, 20, 27, 29, 21, 25, 24, 31, 30, 32]
J3013_5.RCP 68 [1, 4, 3, 12, 2, 21, 6, 15, 10, 17, 19, 28, 7, 23, 11, 14, 18, 20, 8, 5, 9, 16, 26, 24, 13, 27, 22, 25, 30, 29, 31, 32]
J3013_6.RCP 65 [1, 2, 3, 9, 5, 4, 8, 10, 7, 11, 14, 12, 13, 20, 16, 19, 17, 6, 24, 15, 18, 21, 25, 22, 23, 27, 26, 30, 28, 29, 31, 32]
J3013_7.RCP 78 [1, 4, 2, 15, 6, 3, 10, 12, 11, 5, 17, 22, 23, 7, 8, 9, 21, 16, 13, 24, 27, 14, 19, 25, 28, 29, 20, 26, 18, 31, 30, 32]
J3013_8.RCP 106 [1, 3, 2, 7, 5, 4, 13, 6, 28, 10, 8, 16, 9, 11, 18, 14, 12, 24, 20, 22, 15, 19, 17, 30, 21, 23, 26, 25, 29, 27, 31, 32]
J3013_9.RCP 74 [1, 3, 2, 6, 5, 18, 15, 20, 19, 4, 7, 8, 10, 12, 9, 21, 11, 22, 26, 14, 13, 17, 23, 16, 25, 31, 27, 24, 28, 30, 29, 32]
J3013_10.RCP 64 [1, 2, 3, 16, 12, 5, 4, 9, 8, 19, 10, 6, 14, 15, 17, 22, 21, 13, 18, 29, 7, 25, 20, 27, 23, 24, 11, 26, 28, 31, 30, 32]
J3014_1.RCP 50 [1, 3, 4, 5, 6, 7, 12, 9, 11, 19, 8, 14, 18, 2, 16, 13, 20, 10, 15, 22, 17, 24, 23, 21, 28, 25, 31, 26, 29, 27, 30, 32]
J3014_2.RCP 54 [1, 4, 2, 3, 5, 6, 7, 13, 8, 10, 15, 9, 12, 21, 23, 19, 11, 22, 25, 16, 18, 17, 14, 24, 26, 29, 20, 27, 31, 28, 30, 32]
J3014_3.RCP 58 [1, 3, 2, 10, 5, 4, 12, 8, 6, 25, 17, 7, 13, 9, 18, 24, 14, 11, 26, 20, 15, 23, 28, 22, 16, 19, 21, 27, 31, 29, 30, 32]
J3014_4.RCP 50 [1, 4, 2, 3, 5, 9, 29, 10, 6, 13, 18, 7, 16, 8, 19, 23, 15, 11, 14, 21, 20, 17, 12, 28, 24, 25, 22, 26, 27, 31, 30, 32]
J3014_5.RCP 53 [1, 4, 2, 7, 5, 6, 9, 3, 8, 11, 10, 12, 13, 25, 16, 22, 14, 19, 20, 26, 21, 17, 18, 27, 29, 24, 28, 15, 23, 31, 30, 32]
J3014_6.RCP 35 [1, 2, 4, 3, 8, 6, 10, 5, 14, 13, 9, 7, 15, 12, 16, 19, 26, 17, 11, 20, 18, 21, 23, 22, 27, 24, 25, 31, 28, 30, 29, 32]
J3014_7.RCP 51 [1, 4, 2, 3, 5, 6, 9, 7, 10, 11, 18, 25, 8, 13, 17, 16, 23, 24, 21, 14, 19, 15, 22, 20, 26, 28, 12, 27, 29, 31, 30, 32]
J3014_8.RCP 54 [1, 3, 4, 2, 6, 8, 7, 13, 12, 9, 23, 25, 21, 10, 19, 14, 11, 5, 20, 16, 18, 17, 22, 28, 27, 24, 15, 26, 29, 31, 30, 32]
J3014_9.RCP 47 [1, 3, 4, 2, 7, 5, 23, 8, 11, 9, 15, 10, 12, 18, 6, 13, 22, 16, 14, 21, 26, 17, 25, 20, 24, 19, 28, 27, 30, 31, 29, 32]
J3014_10.RCP 61 [1, 4, 2, 3, 9, 26, 20, 7, 5, 14, 8, 10, 11, 6, 16, 17, 13, 22, 12, 19, 21, 15, 25, 24, 18, 23, 28, 27, 29, 31, 30, 32]
J3015_1.RCP 46 [1, 3, 4, 2, 11, 5, 7, 22, 8, 6, 17, 9, 13, 18, 10, 12, 15, 14, 16, 19, 21, 31, 26, 20, 25, 24, 23, 28, 27, 30, 29, 32]
J3015_2.RCP 47 [1, 4, 2, 3, 24, 6, 5, 17, 8, 10, 7, 22, 15, 21, 14, 12, 18, 9, 13, 26, 27, 11, 19, 16, 25, 20, 23, 28, 30, 31, 29, 32]
J3015_3.RCP 48 [1, 2, 3, 5, 4, 7, 6, 12, 9, 8, 11, 16, 23, 13, 10, 15, 14, 19, 17, 18, 21, 24, 25, 28, 26, 27, 30, 20, 22, 29, 31, 32]
J3015_4.RCP 48 [1, 2, 4, 3, 5, 16, 6, 8, 7, 13, 10, 17, 14, 11, 12, 15, 19, 22, 9, 20, 23, 18, 24, 25, 27, 21, 26, 28, 31, 30, 29, 32]
J3015_5.RCP 58 [1, 2, 3, 4, 8, 5, 6, 7, 9, 23, 15, 12, 11, 10, 20, 17, 19, 18, 14, 13, 26, 24, 22, 25, 16, 21, 28, 27, 30, 29, 31, 32]
J3015_6.RCP 67 [1, 4, 2, 3, 7, 8, 6, 5, 20, 9, 21, 10, 25, 13, 12, 11, 18, 16, 26, 14, 17, 28, 15, 22, 23, 24, 19, 29, 31, 27, 30, 32]
J3015_7.RCP 47 [1, 4, 2, 3, 9, 8, 10, 6, 7, 19, 14, 12, 5, 11, 22, 15, 16, 17, 13, 26, 20, 18, 21, 28, 24, 23, 29, 27, 25, 31, 30, 32]
J3015_8.RCP 50 [1, 3, 5, 8, 4, 12, 6, 14, 9, 16, 15, 7, 19, 13, 18, 20, 22, 10, 2, 23, 11, 21, 24, 25, 17, 26, 31, 27, 28, 30, 29, 32]
J3015_9.RCP 54 [1, 3, 2, 4, 5, 6, 8, 11, 13, 9, 17, 16, 25, 7, 23, 22, 19, 12, 24, 26, 10, 21, 20, 30, 27, 14, 15, 18, 28, 29, 31, 32]
J3015_10.RCP 65 [1, 2, 3, 4, 6, 5, 11, 7, 19, 10, 16, 22, 15, 24, 8, 9, 12, 17, 20, 13, 14, 25, 27, 26, 18, 21, 29, 31, 28, 23, 30, 32]
J3016_1.RCP 51 [1, 2, 3, 6, 4, 13, 23, 5, 11, 16, 7, 12, 8, 14, 19, 9, 22, 15, 10, 17, 20, 21, 18, 26, 29, 24, 27, 25, 28, 31, 30, 32]
J3016_2.RCP 48 [1, 2, 4, 3, 6, 5, 13, 7, 8, 9, 28, 10, 15, 18, 11, 16, 19, 12, 17, 20, 24, 23, 14, 26, 30, 21, 22, 31, 27, 25, 29, 32]
J3016_3.RCP 36 [1, 2, 3, 4, 5, 14, 23, 7, 12, 15, 6, 10, 8, 19, 11, 16, 18, 20, 9, 24, 13, 17, 28, 21, 22, 25, 26, 29, 27, 30, 31, 32]
J3016_4.RCP 47 [1, 2, 3, 4, 7, 12, 8, 6, 5, 9, 10, 13, 14, 20, 17, 23, 11, 29, 24, 15, 21, 19, 16, 26, 22, 18, 28, 25, 27, 31, 30, 32]
J3016_5.RCP 51 [1, 2, 4, 3, 5, 9, 6, 16, 11, 12, 7, 10, 14, 15, 13, 19, 24, 17, 21, 18, 25, 8, 23, 28, 22, 26, 20, 29, 31, 27, 30, 32]
J3016_6.RCP 51 [1, 2, 4, 5, 11, 15, 7, 21, 13, 20, 3, 8, 22, 14, 6, 9, 18, 25, 16, 24, 17, 27, 12, 10, 23, 26, 31, 19, 28, 29, 30, 32]
J3016_7.RCP 34 [1, 3, 2, 8, 5, 4, 6, 15, 9, 14, 17, 18, 7, 10, 23, 16, 13, 11, 20, 12, 26, 30, 21, 22, 25, 19, 24, 28, 27, 31, 29, 32]
J3016_8.RCP 44 [1, 3, 5, 2, 6, 13, 7, 15, 8, 27, 12, 4, 22, 16, 9, 14, 11, 10, 19, 18, 17, 25, 20, 29, 21, 26, 23, 24, 28, 30, 31, 32]
J3016_9.RCP 44 [1, 2, 4, 11, 24, 5, 17, 8, 13, 3, 7, 6, 10, 22, 14, 9, 12, 27, 15, 25, 16, 18, 19, 20, 31, 28, 21, 23, 26, 30, 29, 32]
J3016_10.RCP 51 [1, 2, 3, 4, 8, 6, 5, 13, 22, 9, 11, 14, 7, 17, 21, 12, 27, 10, 23, 16, 18, 15, 26, 28, 24, 20, 19, 29, 31, 25, 30, 32]
J3017_1.RCP 66 [1, 2, 4, 12, 15, 6, 7, 20, 3, 9, 13, 8, 11, 21, 5, 10, 16, 18, 27, 14, 19, 17, 23, 25, 22, 29, 26, 31, 24, 28, 30, 32]
J3017_2.RCP 68 [1, 3, 4, 2, 9, 5, 18, 7, 6, 12, 15, 13, 8, 17, 14, 20, 16, 24, 22, 11, 25, 23, 19, 10, 27, 28, 21, 31, 29, 26, 30, 32]
J3017_3.RCP 60 [1, 3, 2, 5, 4, 12, 13, 6, 8, 11, 9, 7, 18, 10, 16, 15, 17, 22, 20, 14, 23, 27, 19, 28, 26, 24, 21, 29, 25, 31, 30, 32]
J3017_4.RCP 49 [1, 3, 2, 4, 7, 5, 15, 8, 20, 11, 9, 6, 10, 12, 23, 17, 19, 22, 16, 14, 18, 13, 27, 21, 26, 28, 25, 24, 29, 31, 30, 32]
J3017_5.RCP 47 [1, 3, 4, 8, 2, 13, 12, 9, 5, 18, 14, 6, 21, 20, 7, 17, 19, 10, 16, 11, 22, 23, 27, 15, 25, 24, 26, 29, 28, 31, 30, 32]
J3017_6.RCP 63 [1, 4, 9, 5, 3, 8, 2, 6, 10, 15, 7, 11, 21, 12, 16, 19, 14, 17, 23, 13, 26, 18, 20, 24, 27, 25, 22, 28, 29, 31, 30, 32]
J3017_7.RCP 57 [1, 4, 2, 3, 6, 5, 9, 23, 13, 8, 12, 10, 17, 7, 19, 11, 14, 15, 27, 18, 16, 20, 28, 25, 22, 24, 21, 26, 31, 30, 29, 32]
J3017_8.RCP 61 [1, 4, 2, 3, 7, 13, 12, 17, 14, 8, 5, 11, 16, 19, 6, 18, 20, 9, 23, 22, 21, 15, 10, 26, 24, 25, 27, 31, 28, 30, 29, 32]
J3017_9.RCP 48 [1, 4, 2, 7, 8, 6, 10, 15, 12, 11, 21, 16, 9, 3, 22, 20, 13, 17, 18, 23, 14, 24, 19, 25, 30, 5, 26, 31, 28, 27, 29, 32]
J3017_10.RCP 66 [1, 4, 2, 3, 12, 6, 5, 14, 17, 16, 8, 13, 19, 10, 20, 7, 15, 21, 11, 22, 23, 18, 9, 25, 24, 27, 26, 28, 31, 30, 29, 32]
J3018_1.RCP 53 [1, 3, 4, 2, 10, 8, 5, 7, 11, 12, 16, 15, 17, 9, 14, 6, 24, 13, 18, 21, 22, 25, 19, 20, 26, 23, 28, 30, 27, 29, 31, 32]
J3018_2.RCP 55 [1, 2, 3, 5, 14, 7, 8, 6, 15, 9, 11, 4, 13, 10, 20, 22, 24, 18, 16, 17, 25, 19, 23, 21, 26, 12, 31, 28, 27, 29, 30, 32]
J3018_3.RCP 56 [1, 2, 4, 3, 7, 5, 6, 15, 9, 8, 16, 12, 10, 11, 18, 17, 20, 23, 14, 19, 13, 24, 21, 31, 22, 25, 26, 27, 30, 28, 29, 32]
J3018_4.RCP 70 [1, 4, 2, 3, 13, 7, 6, 10, 5, 11, 16, 8, 9, 15, 19, 12, 14, 17, 23, 20, 22, 24, 25, 18, 21, 26, 30, 27, 28, 29, 31, 32]
J3018_5.RCP 52 [1, 4, 2, 13, 3, 5, 17, 6, 7, 8, 15, 9, 10, 11, 18, 20, 22, 24, 14, 19, 16, 23, 12, 21, 25, 28, 27, 26, 31, 30, 29, 32]
J3018_6.RCP 62 [1, 2, 3, 6, 11, 4, 13, 5, 12, 18, 16, 15, 22, 9, 19, 7, 10, 23, 20, 14, 21, 25, 8, 26, 24, 17, 31, 30, 28, 27, 29, 32]
J3018_7.RCP 48 [1, 3, 4, 2, 21, 7, 6, 19, 22, 8, 12, 5, 10, 23, 17, 9, 13, 11, 14, 15, 16, 18, 25, 20, 26, 28, 27, 24, 30, 29, 31, 32]
J3018_8.RCP 52 [1, 2, 4, 3, 5, 7, 14, 18, 8, 12, 6, 16, 11, 9, 15, 10, 21, 25, 19, 20, 13, 24, 22, 26, 23, 17, 29, 27, 28, 31, 30, 32]
J3018_9.RCP 47 [1, 3, 4, 2, 11, 5, 9, 7, 10, 8, 14, 12, 24, 19, 16, 15, 20, 21, 22, 18, 13, 6, 26, 25, 28, 17, 23, 27, 30, 29, 31, 32]
J3018_10.RCP 49 [1, 4, 2, 3, 6, 9, 5, 15, 7, 10, 18, 14, 21, 8, 11, 27, 13, 17, 23, 20, 12, 22, 16, 19, 25, 24, 29, 31, 28, 26, 30, 32]
J3019_1.RCP 40 [1, 4, 2, 13, 5, 8, 14, 10, 6, 3, 7, 9, 12, 18, 27, 16, 21, 15, 11, 17, 22, 20, 19, 23, 25, 31, 24, 28, 30, 26, 29, 32]
J3019_2.RCP 58 [1, 4, 3, 2, 5, 17, 9, 7, 12, 14, 6, 8, 13, 15, 16, 10, 19, 20, 22, 26, 21, 18, 27, 23, 11, 24, 25, 28, 31, 29, 30, 32]
J3019_3.RCP 83 [1, 3, 7, 2, 9, 4, 6, 17, 8, 10, 5, 26, 13, 11, 14, 16, 24, 15, 20, 18, 21, 12, 19, 25, 22, 23, 27, 31, 28, 29, 30, 32]
J3019_4.RCP 39 [1, 4, 2, 6, 3, 7, 5, 18, 11, 9, 8, 21, 12, 10, 26, 17, 19, 13, 24, 25, 14, 15, 28, 22, 16, 20, 27, 23, 30, 31, 29, 32]
J3019_5.RCP 48 [1, 3, 4, 2, 5, 9, 10, 7, 6, 12, 19, 11, 8, 17, 15, 22, 24, 14, 18, 21, 13, 23, 20, 16, 25, 27, 26, 28, 29, 30, 31, 32]
J3019_6.RCP 49 [1, 4, 5, 2, 7, 3, 13, 10, 21, 12, 11, 9, 6, 15, 18, 17, 20, 8, 22, 14, 23, 16, 24, 19, 25, 27, 28, 26, 31, 30, 29, 32]
J3019_7.RCP 57 [1, 2, 4, 3, 5, 15, 6, 10, 7, 8, 11, 14, 17, 12, 13, 9, 19, 18, 21, 23, 24, 22, 20, 25, 16, 28, 27, 26, 29, 30, 31, 32]
J3019_8.RCP 55 [1, 2, 3, 16, 8, 5, 17, 10, 4, 13, 6, 7, 15, 14, 9, 20, 11, 23, 12, 25, 28, 18, 26, 24, 21, 19, 31, 27, 22, 29, 30, 32]
J3019_9.RCP 38 [1, 4, 2, 5, 12, 10, 6, 11, 3, 19, 7, 17, 8, 9, 14, 13, 20, 23, 25, 18, 21, 27, 28, 16, 22, 24, 15, 26, 30, 31, 29, 32]
J3019_10.RCP 47 [1, 3, 2, 4, 7, 8, 10, 5, 11, 6, 21, 18, 22, 16, 9, 14, 23, 20, 19, 13, 24, 12, 17, 15, 27, 28, 25, 29, 26, 30, 31, 32]
J3020_1.RCP 57 [1, 2, 3, 4, 10, 8, 15, 6, 5, 24, 11, 7, 16, 9, 12, 25, 17, 14, 26, 27, 13, 18, 20, 19, 28, 21, 30, 23, 31, 22, 29, 32]
J3020_2.RCP 70 [1, 2, 4, 3, 8, 10, 9, 5, 6, 12, 11, 16, 15, 7, 13, 17, 21, 14, 18, 20, 24, 19, 23, 25, 27, 26, 31, 22, 28, 30, 29, 32]
J3020_3.RCP 49 [1, 3, 2, 4, 6, 27, 7, 10, 5, 8, 9, 14, 11, 12, 15, 20, 13, 16, 18, 17, 30, 21, 23, 19, 22, 26, 25, 28, 24, 29, 31, 32]
J3020_4.RCP 43 [1, 3, 2, 4, 7, 11, 6, 9, 5, 18, 8, 19, 15, 14, 13, 17, 10, 16, 25, 12, 22, 21, 20, 24, 23, 27, 26, 30, 28, 31, 29, 32]
J3020_5.RCP 61 [1, 3, 4, 2, 5, 7, 11, 25, 9, 10, 8, 6, 16, 12, 14, 17, 19, 13, 23, 20, 22, 15, 24, 18, 26, 21, 30, 27, 28, 29, 31, 32]
J3020_6.RCP 51 [1, 2, 4, 3, 9, 5, 10, 11, 8, 7, 15, 6, 22, 12, 27, 13, 21, 18, 25, 14, 29, 19, 16, 17, 23, 26, 30, 20, 24, 28, 31, 32]
J3020_7.RCP 42 [1, 4, 2, 5, 13, 3, 8, 23, 9, 15, 20, 6, 7, 14, 25, 21, 16, 11, 12, 10, 24, 26, 17, 22, 27, 31, 18, 19, 28, 30, 29, 32]
J3020_8.RCP 51 [1, 2, 3, 4, 6, 18, 8, 5, 7, 9, 19, 11, 14, 12, 15, 17, 10, 21, 22, 23, 20, 26, 13, 16, 25, 30, 27, 29, 24, 28, 31, 32]
J3020_9.RCP 41 [1, 2, 4, 3, 6, 8, 5, 10, 12, 11, 7, 13, 24, 16, 18, 9, 15, 14, 22, 19, 17, 27, 21, 26, 28, 23, 31, 20, 25, 30, 29, 32]
J3020_10.RCP 37 [1, 3, 2, 4, 6, 5, 7, 8, 14, 12, 9, 13, 15, 17, 11, 27, 22, 10, 16, 23, 21, 19, 18, 20, 28, 25, 24, 29, 26, 31, 30, 32]
J3021_1.RCP 84 [1, 2, 4, 10, 5, 14, 6, 8, 3, 7, 15, 16, 11, 21, 13, 12, 17, 19, 9, 23, 27, 22, 18, 20, 25, 24, 26, 30, 29, 28, 31, 32]
J3021_2.RCP 61 [1, 4, 2, 3, 5, 13, 7, 6, 9, 10, 15, 8, 12, 14, 20, 16, 18, 11, 17, 21, 19, 22, 23, 24, 25, 27, 26, 31, 28, 30, 29, 32]
J3021_3.RCP 76 [1, 2, 3, 11, 4, 6, 5, 19, 24, 7, 8, 9, 12, 20, 13, 10, 17, 25, 23, 18, 14, 26, 15, 21, 31, 30, 27, 28, 16, 22, 29, 32]
J3021_4.RCP 70 [1, 2, 4, 3, 6, 11, 7, 14, 9, 8, 5, 15, 12, 16, 10, 18, 17, 20, 24, 13, 25, 19, 21, 26, 23, 27, 28, 22, 30, 29, 31, 32]
J3021_5.RCP 55 [1, 2, 4, 10, 5, 3, 6, 7, 20, 8, 14, 18, 21, 9, 12, 11, 25, 16, 15, 17, 13, 23, 26, 22, 19, 28, 24, 27, 30, 31, 29, 32]
J3021_6.RCP 76 [1, 2, 3, 10, 12, 5, 15, 6, 9, 7, 17, 8, 18, 16, 13, 14, 20, 11, 21, 22, 24, 26, 23, 4, 27, 19, 28, 25, 29, 31, 30, 32]
J3021_7.RCP 65 [1, 4, 3, 2, 9, 8, 5, 7, 12, 10, 14, 13, 6, 25, 18, 11, 22, 16, 21, 15, 23, 20, 26, 27, 19, 17, 28, 24, 30, 31, 29, 32]
J3021_8.RCP 64 [1, 3, 5, 4, 2, 10, 7, 12, 6, 13, 11, 18, 14, 8, 15, 9, 20, 16, 22, 21, 17, 19, 24, 25, 23, 28, 26, 27, 31, 30, 29, 32]
J3021_9.RCP 69 [1, 2, 3, 9, 4, 8, 12, 5, 14, 19, 15, 20, 21, 10, 7, 6, 18, 25, 13, 11, 22, 26, 28, 23, 17, 27, 16, 29, 30, 24, 31, 32]
J3021_10.RCP 69 [1, 2, 4, 3, 18, 8, 5, 12, 14, 9, 6, 23, 7, 27, 10, 16, 15, 19, 11, 13, 20, 17, 24, 22, 25, 21, 29, 28, 30, 26, 31, 32]
J3022_1.RCP 42 [1, 3, 4, 2, 9, 7, 27, 8, 10, 13, 12, 19, 17, 14, 5, 11, 6, 18, 22, 15, 21, 20, 16, 23, 24, 28, 25, 26, 31, 29, 30, 32]
J3022_2.RCP 45 [1, 3, 2, 4, 5, 7, 15, 6, 8, 9, 10, 12, 24, 11, 14, 19, 13, 16, 17, 18, 20, 25, 21, 22, 23, 26, 27, 28, 31, 30, 29, 32]
J3022_3.RCP 63 [1, 4, 3, 2, 6, 5, 17, 7, 8, 13, 14, 21, 16, 9, 15, 12, 11, 24, 19, 10, 25, 26, 18, 22, 23, 20, 28, 27, 30, 29, 31, 32]
J3022_4.RCP 42 [1, 4, 3, 2, 6, 5, 8, 10, 7, 25, 21, 13, 17, 16, 12, 9, 19, 14, 11, 20, 28, 18, 23, 26, 15, 30, 24, 27, 22, 31, 29, 32]
J3022_5.RCP 52 [1, 4, 2, 5, 10, 18, 3, 6, 15, 12, 7, 9, 8, 14, 19, 23, 26, 17, 11, 16, 21, 22, 27, 20, 25, 24, 13, 28, 30, 29, 31, 32]
J3022_6.RCP 52 [1, 2, 4, 3, 7, 8, 10, 5, 13, 12, 9, 24, 19, 11, 14, 20, 6, 18, 23, 16, 21, 22, 17, 15, 27, 26, 25, 28, 29, 30, 31, 32]
J3022_7.RCP 60 [1, 3, 11, 6, 5, 8, 7, 4, 2, 10, 9, 13, 16, 18, 12, 22, 14, 17, 15, 25, 20, 23, 19, 21, 26, 24, 27, 28, 31, 30, 29, 32]
J3022_8.RCP 55 [1, 3, 2, 21, 4, 5, 9, 6, 8, 20, 7, 10, 28, 12, 15, 18, 11, 13, 16, 14, 17, 24, 19, 30, 23, 22, 26, 27, 25, 31, 29, 32]
J3022_9.RCP 76 [1, 2, 4, 3, 8, 5, 12, 6, 7, 14, 25, 22, 11, 16, 9, 13, 10, 23, 18, 15, 24, 20, 17, 27, 21, 19, 26, 30, 31, 28, 29, 32]
J3022_10.RCP 55 [1, 2, 4, 6, 3, 9, 5, 23, 8, 11, 17, 7, 21, 16, 20, 12, 14, 10, 24, 22, 15, 13, 26, 18, 19, 25, 31, 28, 27, 30, 29, 32]
J3023_1.RCP 63 [1, 3, 4, 2, 13, 9, 6, 14, 7, 17, 5, 10, 12, 16, 11, 8, 20, 19, 18, 28, 22, 15, 25, 29, 23, 24, 21, 26, 27, 30, 31, 32]
J3023_2.RCP 53 [1, 3, 4, 13, 7, 2, 17, 5, 6, 15, 10, 8, 12, 9, 11, 16, 19, 18, 20, 24, 23, 14, 25, 21, 22, 27, 31, 26, 28, 30, 29, 32]
J3023_3.RCP 46 [1, 2, 4, 7, 3, 5, 6, 11, 15, 10, 9, 18, 12, 8, 19, 20, 16, 13, 14, 26, 23, 24, 25, 21, 17, 22, 28, 27, 29, 30, 31, 32]
J3023_4.RCP 65 [1, 4, 2, 3, 5, 10, 6, 11, 13, 14, 8, 7, 12, 9, 17, 15, 21, 18, 19, 22, 29, 20, 23, 27, 25, 28, 26, 24, 16, 30, 31, 32]
J3023_5.RCP 52 [1, 2, 4, 11, 13, 5, 3, 16, 7, 8, 12, 6, 15, 14, 9, 10, 22, 20, 25, 29, 19, 18, 23, 24, 26, 17, 21, 31, 27, 28, 30, 32]
J3023_6.RCP 48 [1, 3, 2, 9, 14, 12, 11, 21, 4, 6, 8, 7, 10, 15, 5, 13, 17, 23, 24, 19, 25, 20, 22, 18, 16, 27, 29, 26, 28, 31, 30, 32]
J3023_7.RCP 60 [1, 3, 4, 6, 2, 23, 9, 7, 10, 5, 21, 13, 11, 12, 8, 14, 15, 16, 19, 24, 20, 18, 25, 27, 31, 22, 26, 29, 28, 17, 30, 32]
J3023_8.RCP 48 [1, 3, 2, 4, 5, 20, 10, 8, 9, 6, 14, 7, 22, 11, 16, 12, 26, 15, 13, 27, 17, 18, 19, 23, 28, 21, 24, 29, 25, 30, 31, 32]
J3023_9.RCP 63 [1, 3, 2, 4, 10, 16, 6, 5, 13, 11, 14, 9, 23, 12, 8, 17, 18, 22, 21, 19, 7, 31, 24, 20, 26, 25, 29, 27, 15, 28, 30, 32]
J3023_10.RCP 61 [1, 3, 4, 2, 10, 7, 9, 20, 5, 8, 6, 12, 14, 11, 16, 31, 15, 13, 23, 22, 24, 17, 19, 27, 18, 26, 28, 21, 25, 30, 29, 32]
J3024_1.RCP 53 [1, 2, 4, 3, 6, 5, 7, 19, 9, 20, 11, 12, 8, 17, 22, 23, 14, 10, 24, 25, 26, 13, 29, 15, 27, 21, 18, 30, 16, 28, 31, 32]
J3024_2.RCP 58 [1, 3, 4, 11, 7, 5, 6, 2, 17, 8, 12, 10, 21, 23, 14, 9, 13, 15, 16, 18, 22, 19, 25, 24, 31, 27, 26, 20, 29, 28, 30, 32]
J3024_3.RCP 69 [1, 3, 2, 4, 12, 8, 26, 10, 5, 9, 14, 6, 15, 13, 7, 11, 20, 18, 16, 21, 24, 17, 19, 31, 23, 25, 28, 22, 27, 29, 30, 32]
J3024_4.RCP 53 [1, 4, 2, 3, 6, 18, 9, 12, 8, 21, 7, 23, 11, 5, 14, 13, 15, 10, 19, 20, 16, 22, 30, 17, 24, 26, 27, 25, 28, 29, 31, 32]
J3024_5.RCP 51 [1, 3, 2, 4, 5, 8, 10, 12, 6, 16, 20, 14, 11, 13, 7, 18, 17, 9, 22, 21, 25, 26, 19, 24, 27, 23, 15, 30, 31, 28, 29, 32]
J3024_6.RCP 56 [1, 2, 4, 3, 12, 6, 7, 15, 5, 20, 9, 8, 22, 11, 16, 14, 10, 17, 13, 19, 23, 30, 25, 24, 18, 26, 21, 28, 27, 29, 31, 32]
J3024_7.RCP 44 [1, 3, 2, 9, 5, 4, 6, 7, 8, 10, 15, 12, 11, 23, 26, 14, 18, 16, 17, 13, 21, 19, 20, 24, 25, 22, 27, 29, 28, 30, 31, 32]
J3024_8.RCP 38 [1, 3, 2, 4, 5, 8, 12, 9, 15, 7, 10, 16, 6, 11, 13, 17, 19, 20, 18, 22, 25, 14, 26, 21, 23, 27, 28, 31, 24, 30, 29, 32]
J3024_9.RCP 43 [1, 2, 4, 3, 5, 17, 6, 8, 7, 21, 10, 22, 9, 15, 12, 23, 25, 16, 14, 13, 11, 24, 27, 20, 18, 26, 19, 29, 28, 30, 31, 32]
J3024_10.RCP 53 [1, 2, 4, 3, 9, 6, 7, 15, 10, 8, 5, 11, 16, 17, 12, 23, 21, 20, 13, 14, 22, 19, 27, 25, 24, 26, 28, 18, 29, 31, 30, 32]
J3025_1.RCP 95 [1, 2, 8, 3, 19, 4, 13, 5, 9, 7, 10, 12, 11, 21, 6, 16, 22, 17, 18, 20, 14, 30, 15, 25, 23, 27, 31, 24, 26, 28, 29, 32]
J3025_2.RCP 77 [1, 4, 2, 3, 17, 5, 11, 14, 8, 7, 9, 16, 6, 12, 10, 13, 20, 18, 30, 15, 26, 19, 21, 23, 27, 22, 24, 31, 25, 28, 29, 32]
J3025_3.RCP 78 [1, 4, 2, 7, 5, 6, 3, 10, 11, 24, 9, 19, 21, 25, 8, 13, 15, 20, 14, 17, 22, 16, 12, 23, 26, 18, 28, 31, 29, 27, 30, 32]
J3025_4.RCP 81 [1, 4, 6, 3, 10, 2, 14, 7, 8, 18, 5, 9, 12, 19, 25, 23, 11, 16, 13, 17, 28, 15, 22, 30, 21, 24, 20, 27, 29, 26, 31, 32]
J3025_5.RCP 72 [1, 4, 3, 2, 8, 11, 10, 6, 17, 16, 5, 15, 12, 26, 18, 9, 21, 13, 14, 7, 24, 22, 27, 28, 23, 20, 19, 31, 25, 30, 29, 32]
J3025_6.RCP 58 [1, 2, 4, 10, 3, 9, 8, 17, 13, 5, 14, 20, 7, 21, 11, 24, 18, 23, 19, 12, 6, 26, 16, 27, 15, 22, 25, 28, 29, 31, 30, 32]
J3025_7.RCP 96 [1, 4, 2, 3, 5, 8, 9, 6, 7, 12, 10, 14, 17, 15, 13, 11, 21, 26, 18, 16, 20, 19, 24, 23, 28, 25, 22, 27, 30, 31, 29, 32]
J3025_8.RCP 70 [1, 2, 4, 5, 3, 7, 9, 8, 13, 10, 19, 6, 24, 12, 14, 11, 16, 20, 15, 18, 26, 22, 23, 27, 17, 25, 21, 31, 30, 28, 29, 32]
J3025_9.RCP 85 [1, 2, 9, 4, 3, 5, 8, 6, 10, 11, 15, 7, 22, 13, 23, 16, 19, 17, 14, 24, 12, 21, 20, 25, 28, 26, 18, 30, 27, 31, 29, 32]
J3025_10.RCP 59 [1, 4, 3, 12, 16, 22, 2, 9, 5, 17, 10, 11, 15, 13, 6, 8, 20, 7, 14, 23, 18, 21, 24, 26, 19, 25, 27, 31, 28, 29, 30, 32]
J3026_1.RCP 59 [1, 2, 4, 5, 3, 7, 9, 6, 10, 14, 11, 16, 26, 12, 8, 13, 25, 17, 15, 19, 22, 23, 28, 18, 24, 30, 20, 21, 29, 27, 31, 32]
J3026_2.RCP 40 [1, 2, 3, 4, 6, 16, 8, 11, 14, 5, 7, 21, 9, 12, 17, 20, 10, 19, 22, 13, 15, 18, 28, 23, 25, 26, 24, 31, 29, 27, 30, 32]
J3026_3.RCP 58 [1, 3, 4, 2, 5, 6, 7, 8, 10, 9, 21, 14, 13, 27, 11, 12, 16, 23, 17, 15, 24, 25, 18, 19, 26, 20, 28, 22, 31, 29, 30, 32]
J3026_4.RCP 62 [1, 3, 4, 5, 8, 9, 7, 2, 16, 25, 6, 10, 18, 17, 12, 11, 14, 22, 13, 20, 19, 15, 21, 27, 24, 23, 28, 26, 31, 30, 29, 32]
J3026_5.RCP 74 [1, 4, 3, 2, 5, 10, 6, 8, 9, 12, 7, 13, 15, 17, 16, 21, 19, 14, 20, 18, 22, 11, 25, 24, 26, 23, 27, 30, 28, 29, 31, 32]
J3026_6.RCP 55 [1, 3, 4, 2, 5, 11, 10, 6, 7, 14, 12, 13, 17, 8, 9, 15, 16, 23, 18, 24, 20, 19, 25, 27, 22, 26, 29, 21, 28, 30, 31, 32]
J3026_7.RCP 56 [1, 3, 4, 5, 9, 6, 7, 14, 19, 2, 8, 18, 21, 16, 10, 15, 20, 13, 23, 12, 22, 11, 24, 25, 26, 28, 17, 27, 31, 29, 30, 32]
J3026_8.RCP 66 [1, 4, 3, 5, 2, 8, 9, 20, 7, 14, 13, 10, 11, 6, 12, 15, 17, 23, 21, 22, 16, 19, 25, 18, 26, 31, 27, 24, 30, 28, 29, 32]
J3026_9.RCP 43 [1, 2, 4, 7, 6, 10, 8, 12, 3, 9, 15, 11, 21, 19, 13, 14, 5, 18, 17, 20, 24, 27, 22, 23, 16, 25, 26, 28, 31, 30, 29, 32]
J3026_10.RCP 49 [1, 2, 3, 4, 6, 16, 18, 8, 21, 7, 10, 5, 9, 19, 14, 15, 13, 12, 23, 17, 22, 20, 27, 25, 28, 11, 24, 26, 29, 31, 30, 32]
J3027_1.RCP 43 [1, 3, 4, 2, 7, 8, 9, 10, 5, 13, 14, 6, 16, 11, 20, 23, 15, 21, 19, 12, 17, 18, 28, 22, 31, 25, 27, 24, 30, 26, 29, 32]
J3027_2.RCP 58 [1, 2, 4, 3, 11, 5, 8, 19, 17, 6, 7, 28, 12, 13, 9, 23, 10, 14, 18, 16, 20, 15, 22, 21, 24, 29, 25, 26, 27, 31, 30, 32]
J3027_3.RCP 60 [1, 2, 3, 4, 5, 6, 11, 18, 16, 8, 7, 9, 15, 19, 14, 10, 25, 20, 22, 13, 26, 24, 21, 17, 23, 12, 27, 29, 28, 31, 30, 32]
J3027_4.RCP 64 [1, 3, 4, 27, 5, 2, 7, 9, 6, 12, 8, 10, 15, 14, 13, 11, 19, 21, 17, 22, 23, 16, 31, 28, 24, 18, 30, 25, 20, 26, 29, 32]
J3027_5.RCP 49 [1, 3, 4, 6, 10, 5, 7, 14, 11, 18, 15, 9, 8, 17, 12, 16, 13, 20, 2, 19, 25, 21, 24, 22, 23, 27, 30, 26, 31, 28, 29, 32]
J3027_6.RCP 59 [1, 3, 4, 5, 6, 7, 2, 12, 17, 8, 9, 13, 14, 20, 10, 18, 16, 11, 22, 15, 23, 26, 24, 25, 21, 19, 30, 27, 28, 31, 29, 32]
J3027_7.RCP 49 [1, 3, 2, 4, 6, 10, 16, 7, 5, 8, 15, 9, 18, 13, 11, 14, 23, 12, 28, 21, 22, 17, 24, 20, 19, 25, 26, 29, 27, 30, 31, 32]
J3027_8.RCP 66 [1, 4, 2, 10, 5, 12, 7, 3, 11, 6, 16, 19, 9, 15, 8, 13, 21, 14, 27, 22, 18, 20, 17, 23, 24, 26, 28, 30, 29, 25, 31, 32]
J3027_9.RCP 55 [1, 3, 2, 5, 7, 18, 10, 4, 9, 23, 8, 14, 12, 6, 16, 11, 17, 20, 13, 25, 15, 26, 19, 21, 22, 28, 24, 30, 27, 29, 31, 32]
J3027_10.RCP 62 [1, 2, 3, 4, 7, 8, 5, 16, 9, 6, 10, 15, 12, 14, 11, 13, 23, 21, 17, 20, 18, 22, 25, 26, 19, 24, 27, 30, 29, 28, 31, 32]
J3028_1.RCP 69 [1, 2, 5, 4, 3, 7, 16, 6, 13, 8, 12, 10, 9, 17, 11, 14, 19, 18, 15, 28, 20, 23, 24, 30, 25, 22, 21, 27, 26, 29, 31, 32]
J3028_2.RCP 57 [1, 2, 3, 6, 4, 12, 5, 8, 7, 24, 13, 11, 10, 14, 20, 18, 9, 29, 22, 17, 23, 26, 15, 21, 16, 27, 19, 28, 25, 31, 30, 32]
J3028_3.RCP 40 [1, 2, 4, 3, 12, 7, 5, 10, 13, 6, 16, 11, 8, 19, 9, 14, 17, 20, 18, 15, 21, 25, 22, 31, 27, 24, 30, 23, 26, 28, 29, 32]
J3028_4.RCP 49 [1, 3, 2, 4, 8, 6, 16, 9, 12, 5, 15, 13, 7, 21, 10, 14, 19, 22, 11, 20, 17, 18, 26, 25, 23, 27, 24, 29, 28, 31, 30, 32]
J3028_5.RCP 73 [1, 4, 3, 2, 5, 7, 6, 9, 8, 10, 15, 16, 11, 21, 12, 13, 14, 19, 20, 17, 24, 18, 22, 28, 23, 25, 26, 29, 27, 30, 31, 32]
J3028_6.RCP 55 [1, 4, 2, 3, 8, 5, 6, 19, 16, 31, 7, 14, 10, 9, 12, 11, 15, 13, 21, 26, 18, 20, 17, 23, 22, 25, 27, 24, 28, 29, 30, 32]
J3028_7.RCP 48 [1, 2, 3, 4, 12, 7, 6, 17, 5, 8, 9, 13, 11, 10, 21, 18, 20, 15, 14, 19, 25, 23, 16, 26, 22, 28, 29, 24, 27, 30, 31, 32]
J3028_8.RCP 53 [1, 3, 2, 4, 8, 12, 17, 6, 9, 5, 16, 13, 7, 14, 23, 10, 24, 19, 21, 11, 18, 26, 25, 15, 20, 22, 27, 28, 30, 29, 31, 32]
J3028_9.RCP 62 [1, 3, 2, 4, 7, 6, 11, 15, 5, 8, 19, 9, 17, 16, 10, 18, 12, 14, 20, 13, 22, 26, 23, 24, 25, 21, 27, 30, 28, 29, 31, 32]
J3028_10.RCP 59 [1, 2, 3, 6, 8, 5, 7, 4, 12, 9, 13, 15, 11, 17, 18, 23, 21, 16, 19, 24, 27, 22, 10, 25, 28, 29, 14, 20, 26, 31, 30, 32]
J3029_1.RCP 86 [1, 4, 3, 2, 9, 6, 7, 8, 5, 11, 19, 13, 15, 10, 16, 12, 18, 14, 22, 24, 17, 26, 25, 30, 27, 20, 23, 21, 28, 29, 31, 32]
J3029_2.RCP 91 [1, 3, 4, 6, 2, 12, 5, 10, 17, 13, 18, 7, 8, 21, 15, 16, 9, 26, 19, 29, 14, 24, 11, 27, 25, 20, 22, 31, 23, 28, 30, 32]
J3029_3.RCP 78 [1, 2, 3, 4, 9, 8, 16, 6, 10, 11, 5, 12, 13, 7, 18, 15, 17, 20, 26, 19, 29, 24, 21, 22, 25, 23, 14, 28, 27, 30, 31, 32]
J3029_4.RCP 103 [1, 3, 2, 4, 5, 8, 10, 6, 17, 14, 13, 7, 9, 20, 16, 11, 24, 15, 21, 18, 12, 19, 28, 22, 25, 23, 27, 26, 31, 30, 29, 32]
J3029_5.RCP 99 [1, 4, 2, 3, 9, 7, 5, 6, 20, 12, 8, 11, 14, 18, 10, 15, 13, 22, 16, 19, 24, 21, 27, 28, 17, 25, 26, 30, 23, 29, 31, 32]
J3029_6.RCP 92 [1, 3, 10, 4, 5, 6, 11, 17, 8, 2, 16, 7, 9, 13, 12, 15, 18, 21, 20, 19, 27, 22, 24, 14, 29, 28, 23, 25, 26, 30, 31, 32]
J3029_7.RCP 74 [1, 4, 3, 2, 8, 9, 5, 10, 19, 7, 18, 23, 14, 15, 6, 11, 16, 17, 20, 26, 12, 25, 13, 21, 24, 22, 28, 29, 31, 27, 30, 32]
J3029_8.RCP 82 [1, 2, 4, 5, 3, 6, 7, 8, 10, 12, 9, 15, 19, 11, 13, 17, 14, 18, 21, 25, 16, 20, 23, 24, 27, 22, 26, 28, 29, 31, 30, 32]
J3029_9.RCP 99 [1, 4, 3, 2, 8, 6, 13, 9, 10, 5, 23, 16, 17, 7, 25, 11, 12, 19, 21, 20, 14, 22, 15, 18, 24, 27, 30, 26, 28, 29, 31, 32]
J3029_10.RCP 76 [1, 4, 3, 5, 8, 6, 15, 10, 11, 2, 21, 7, 12, 17, 13, 9, 19, 14, 26, 18, 22, 27, 16, 23, 20, 24, 30, 25, 28, 29, 31, 32]
J3030_1.RCP 48 [1, 3, 2, 4, 16, 7, 12, 5, 11, 9, 8, 10, 6, 14, 22, 15, 17, 20, 25, 13, 19, 21, 18, 26, 23, 24, 28, 27, 31, 30, 29, 32]
J3030_2.RCP 68 [1, 3, 4, 2, 5, 7, 8, 6, 13, 9, 10, 14, 17, 16, 15, 22, 18, 11, 20, 19, 21, 27, 24, 12, 29, 26, 23, 28, 25, 31, 30, 32]
J3030_3.RCP 55 [1, 4, 3, 2, 10, 5, 6, 12, 8, 14, 7, 9, 13, 11, 15, 17, 21, 18, 20, 16, 22, 19, 24, 23, 26, 25, 28, 27, 30, 31, 29, 32]
J3030_4.RCP 53 [1, 4, 2, 3, 5, 6, 15, 19, 9, 18, 11, 8, 12, 21, 7, 14, 10, 20, 23, 13, 24, 17, 28, 22, 25, 27, 16, 26, 29, 30, 31, 32]
J3030_5.RCP 55 [1, 4, 2, 3, 5, 12, 8, 6, 7, 16, 17, 9, 13, 10, 14, 15, 20, 21, 19, 28, 11, 24, 23, 18, 22, 27, 26, 25, 29, 30, 31, 32]
J3030_6.RCP 62 [1, 4, 2, 3, 10, 7, 5, 8, 9, 18, 13, 6, 12, 11, 14, 17, 20, 16, 22, 23, 15, 19, 25, 24, 26, 28, 21, 27, 30, 29, 31, 32]
J3030_7.RCP 68 [1, 4, 3, 2, 5, 8, 11, 6, 10, 7, 17, 19, 9, 12, 18, 14, 16, 15, 20, 22, 26, 21, 13, 25, 27, 23, 28, 29, 30, 24, 31, 32]
J3030_8.RCP 46 [1, 4, 3, 2, 7, 9, 5, 15, 11, 16, 10, 21, 6, 13, 8, 17, 20, 19, 18, 24, 22, 12, 14, 26, 25, 23, 31, 28, 29, 27, 30, 32]
J3030_9.RCP 46 [1, 3, 4, 2, 5, 7, 9, 13, 11, 22, 6, 19, 8, 24, 12, 17, 10, 20, 14, 18, 27, 23, 25, 21, 28, 26, 15, 29, 30, 16, 31, 32]
J3030_10.RCP 53 [1, 2, 3, 4, 13, 7, 5, 6, 22, 11, 8, 15, 16, 9, 20, 12, 19, 18, 23, 10, 21, 27, 24, 17, 14, 28, 25, 29, 26, 30, 31, 32]
J3031_1.RCP 43 [1, 2, 3, 4, 5, 10, 6, 13, 19, 11, 14, 12, 7, 17, 15, 8, 9, 22, 23, 18, 20, 28, 24, 21, 16, 27, 31, 25, 29, 26, 30, 32]
J3031_2.RCP 63 [1, 2, 3, 4, 5, 13, 8, 9, 7, 18, 16, 12, 15, 10, 21, 6, 17, 11, 20, 14, 28, 23, 26, 24, 31, 19, 22, 25, 27, 30, 29, 32]
J3031_3.RCP 58 [1, 2, 4, 3, 6, 7, 5, 10, 13, 9, 17, 8, 12, 11, 19, 15, 18, 14, 26, 16, 21, 20, 22, 23, 24, 25, 31, 28, 27, 29, 30, 32]
J3031_4.RCP 50 [1, 2, 3, 4, 22, 5, 6, 10, 12, 13, 15, 7, 8, 9, 16, 18, 14, 11, 24, 21, 26, 20, 25, 27, 23, 17, 19, 31, 28, 29, 30, 32]
J3031_5.RCP 52 [1, 3, 2, 4, 9, 6, 8, 7, 10, 19, 5, 12, 11, 15, 14, 13, 20, 21, 24, 16, 26, 17, 25, 22, 29, 28, 18, 27, 23, 31, 30, 32]
J3031_6.RCP 53 [1, 2, 4, 3, 7, 13, 5, 9, 6, 14, 15, 18, 24, 8, 12, 20, 21, 10, 11, 22, 16, 19, 23, 27, 17, 29, 25, 26, 28, 31, 30, 32]
J3031_7.RCP 61 [1, 4, 3, 8, 2, 6, 10, 7, 5, 21, 11, 9, 16, 15, 18, 19, 12, 17, 20, 14, 13, 27, 26, 25, 23, 22, 28, 29, 24, 31, 30, 32]
J3031_8.RCP 58 [1, 2, 4, 9, 5, 11, 6, 16, 3, 10, 18, 21, 7, 12, 8, 14, 19, 17, 13, 25, 15, 20, 24, 27, 22, 23, 26, 30, 28, 29, 31, 32]
J3031_9.RCP 50 [1, 3, 4, 7, 5, 6, 10, 20, 12, 2, 15, 11, 9, 14, 17, 16, 13, 18, 8, 19, 22, 28, 26, 21, 24, 23, 27, 25, 29, 31, 30, 32]
J3031_10.RCP 55 [1, 3, 4, 6, 2, 13, 5, 9, 7, 10, 12, 8, 14, 17, 22, 11, 16, 15, 18, 19, 21, 28, 23, 25, 20, 26, 24, 30, 27, 31, 29, 32]
J3032_1.RCP 61 [1, 4, 2, 3, 6, 5, 13, 17, 8, 10, 7, 18, 14, 19, 9, 15, 12, 11, 24, 16, 20, 21, 30, 28, 22, 25, 23, 26, 27, 29, 31, 32]
J3032_2.RCP 60 [1, 2, 3, 4, 18, 6, 8, 7, 5, 20, 11, 16, 9, 12, 14, 10, 13, 22, 19, 26, 15, 21, 17, 23, 29, 25, 27, 28, 31, 24, 30, 32]
J3032_3.RCP 57 [1, 3, 4, 2, 10, 5, 6, 8, 11, 14, 19, 13, 12, 9, 16, 18, 25, 21, 7, 20, 17, 15, 22, 27, 24, 26, 28, 30, 23, 31, 29, 32]
J3032_4.RCP 68 [1, 4, 3, 2, 5, 12, 15, 7, 16, 8, 18, 6, 20, 9, 10, 19, 24, 13, 11, 14, 21, 22, 17, 27, 26, 25, 23, 28, 30, 29, 31, 32]
J3032_5.RCP 54 [1, 2, 3, 4, 12, 8, 6, 5, 7, 10, 23, 13, 16, 14, 17, 11, 19, 9, 20, 18, 22, 26, 21, 15, 24, 25, 27, 28, 31, 29, 30, 32]
J3032_6.RCP 44 [1, 4, 3, 2, 11, 5, 8, 6, 12, 7, 10, 15, 9, 13, 14, 19, 16, 18, 17, 20, 22, 21, 24, 23, 28, 25, 26, 30, 31, 27, 29, 32]
J3032_7.RCP 35 [1, 2, 4, 5, 9, 12, 3, 20, 13, 7, 6, 8, 10, 11, 22, 16, 15, 24, 23, 17, 14, 25, 18, 19, 30, 26, 27, 31, 21, 28, 29, 32]
J3032_8.RCP 54 [1, 3, 2, 4, 5, 6, 7, 11, 13, 14, 12, 8, 15, 9, 10, 19, 21, 17, 16, 20, 25, 22, 23, 27, 26, 18, 24, 30, 28, 31, 29, 32]
J3032_9.RCP 65 [1, 2, 3, 4, 9, 6, 10, 12, 5, 8, 7, 13, 11, 14, 17, 18, 16, 15, 19, 20, 22, 26, 24, 21, 27, 23, 25, 29, 31, 28, 30, 32]
J3032_10.RCP 51 [1, 2, 4, 3, 8, 6, 5, 11, 14, 9, 13, 17, 12, 7, 10, 26, 21, 20, 16, 15, 27, 25, 23, 18, 19, 28, 22, 24, 31, 30, 29, 32]
J3033_1.RCP 65 [1, 4, 3, 5, 6, 7, 8, 2, 12, 9, 10, 13, 11, 17, 22, 15, 16, 19, 25, 20, 14, 18, 26, 28, 23, 21, 24, 27, 29, 30, 31, 32]
J3033_2.RCP 60 [1, 4, 3, 2, 10, 5, 7, 8, 12, 6, 9, 14, 17, 15, 21, 23, 11, 13, 19, 16, 20, 18, 22, 28, 25, 27, 24, 26, 30, 31, 29, 32]
J3033_3.RCP 55 [1, 3, 4, 10, 7, 2, 11, 13, 5, 6, 8, 9, 12, 16, 17, 18, 15, 20, 21, 24, 14, 25, 19, 26, 22, 27, 30, 29, 23, 28, 31, 32]
J3033_4.RCP 77 [1, 4, 2, 3, 5, 9, 15, 7, 14, 6, 8, 10, 20, 11, 13, 21, 16, 18, 12, 23, 17, 19, 22, 25, 24, 26, 27, 28, 31, 29, 30, 32]
J3033_5.RCP 53 [1, 2, 3, 6, 4, 7, 11, 13, 9, 5, 8, 19, 10, 16, 14, 21, 24, 15, 25, 27, 12, 23, 26, 18, 20, 17, 28, 22, 31, 30, 29, 32]
J3033_6.RCP 59 [1, 2, 4, 8, 5, 6, 3, 11, 18, 7, 10, 12, 9, 13, 20, 16, 21, 17, 24, 19, 22, 14, 26, 15, 25, 23, 28, 27, 30, 29, 31, 32]
J3033_7.RCP 58 [1, 4, 2, 3, 5, 10, 6, 7, 8, 12, 14, 11, 9, 13, 17, 15, 27, 23, 20, 21, 16, 18, 24, 19, 25, 28, 22, 26, 31, 29, 30, 32]
J3033_8.RCP 61 [1, 3, 7, 4, 5, 2, 12, 8, 6, 9, 10, 11, 16, 24, 17, 19, 13, 26, 15, 14, 18, 21, 27, 20, 23, 30, 22, 25, 28, 29, 31, 32]
J3033_9.RCP 65 [1, 4, 2, 3, 7, 9, 11, 10, 5, 6, 16, 8, 13, 12, 17, 24, 18, 14, 15, 23, 20, 25, 21, 19, 22, 28, 27, 30, 26, 31, 29, 32]
J3033_10.RCP 53 [1, 4, 2, 8, 7, 3, 5, 11, 9, 6, 10, 15, 16, 18, 12, 14, 17, 20, 13, 21, 25, 19, 24, 22, 28, 26, 23, 30, 27, 31, 29, 32]
J3034_1.RCP 68 [1, 2, 4, 3, 7, 6, 8, 10, 5, 11, 12, 13, 22, 14, 15, 9, 16, 18, 17, 19, 21, 25, 23, 24, 20, 31, 27, 28, 26, 30, 29, 32]
J3034_2.RCP 44 [1, 3, 2, 4, 8, 5, 6, 12, 7, 9, 11, 10, 16, 17, 13, 14, 18, 22, 15, 23, 20, 21, 24, 28, 27, 25, 19, 26, 31, 30, 29, 32]
J3034_3.RCP 69 [1, 4, 3, 5, 11, 2, 6, 9, 24, 8, 7, 10, 15, 18, 12, 13, 14, 17, 16, 21, 20, 23, 22, 27, 19, 28, 25, 26, 30, 31, 29, 32]
J3034_4.RCP 67 [1, 2, 4, 5, 3, 6, 7, 9, 8, 11, 12, 10, 13, 14, 17, 19, 16, 15, 20, 18, 21, 28, 26, 22, 27, 23, 29, 24, 25, 31, 30, 32]
J3034_5.RCP 63 [1, 2, 3, 4, 5, 20, 7, 6, 13, 10, 8, 14, 12, 9, 17, 19, 18, 11, 15, 22, 16, 26, 21, 27, 23, 24, 28, 25, 31, 30, 29, 32]
J3034_6.RCP 52 [1, 2, 4, 3, 6, 5, 8, 12, 10, 9, 15, 7, 17, 18, 19, 11, 13, 20, 25, 16, 24, 21, 23, 26, 28, 27, 22, 14, 30, 29, 31, 32]
J3034_7.RCP 58 [1, 2, 4, 3, 5, 22, 9, 8, 7, 6, 10, 18, 13, 12, 11, 16, 15, 19, 20, 14, 25, 17, 21, 26, 27, 23, 24, 30, 28, 29, 31, 32]
J3034_8.RCP 58 [1, 2, 3, 4, 5, 6, 11, 8, 14, 7, 12, 17, 22, 9, 10, 19, 13, 16, 31, 18, 15, 23, 21, 27, 20, 24, 25, 26, 28, 30, 29, 32]
J3034_9.RCP 60 [1, 4, 3, 2, 7, 5, 8, 6, 9, 11, 13, 10, 12, 19, 18, 14, 15, 17, 20, 21, 28, 16, 22, 30, 24, 23, 26, 25, 27, 31, 29, 32]
J3034_10.RCP 47 [1, 3, 4, 2, 7, 8, 6, 10, 5, 11, 12, 18, 9, 14, 13, 23, 17, 19, 22, 15, 24, 16, 20, 21, 25, 27, 26, 28, 31, 30, 29, 32]
J3035_1.RCP 57 [1, 2, 3, 5, 4, 12, 11, 8, 7, 10, 16, 9, 13, 23, 6, 15, 22, 14, 19, 17, 20, 24, 27, 21, 25, 28, 26, 29, 18, 31, 30, 32]
J3035_2.RCP 53 [1, 2, 4, 3, 6, 11, 12, 5, 7, 10, 13, 8, 16, 9, 19, 14, 15, 17, 18, 21, 25, 24, 28, 26, 22, 23, 29, 20, 27, 30, 31, 32]
J3035_3.RCP 60 [1, 4, 2, 3, 9, 5, 15, 8, 10, 14, 6, 12, 11, 19, 7, 18, 16, 17, 13, 20, 22, 26, 21, 23, 27, 25, 24, 28, 31, 29, 30, 32]
J3035_4.RCP 50 [1, 4, 2, 10, 5, 8, 9, 17, 7, 3, 6, 14, 15, 21, 12, 13, 11, 16, 20, 18, 28, 22, 24, 27, 26, 19, 23, 31, 25, 29, 30, 32]
J3035_5.RCP 60 [1, 4, 3, 9, 2, 6, 5, 7, 8, 11, 13, 10, 19, 26, 15, 12, 14, 21, 16, 17, 20, 23, 28, 31, 18, 22, 27, 24, 25, 29, 30, 32]
J3035_6.RCP 58 [1, 3, 4, 11, 2, 5, 7, 15, 13, 12, 6, 9, 16, 10, 8, 14, 17, 22, 21, 18, 20, 26, 27, 19, 28, 23, 24, 25, 29, 30, 31, 32]
J3035_7.RCP 61 [1, 2, 3, 6, 4, 9, 7, 8, 5, 10, 11, 12, 13, 15, 21, 14, 17, 24, 16, 18, 28, 19, 20, 26, 22, 25, 27, 31, 23, 29, 30, 32]
J3035_8.RCP 63 [1, 2, 4, 6, 8, 14, 10, 5, 3, 7, 12, 9, 11, 16, 13, 21, 17, 20, 15, 22, 23, 25, 19, 24, 28, 27, 26, 18, 30, 31, 29, 32]
J3035_9.RCP 59 [1, 3, 4, 2, 5, 6, 8, 7, 11, 10, 13, 15, 16, 9, 18, 12, 17, 20, 14, 19, 26, 22, 21, 25, 23, 31, 24, 28, 27, 30, 29, 32]
J3035_10.RCP 59 [1, 2, 3, 4, 8, 7, 6, 5, 11, 10, 9, 13, 15, 16, 20, 18, 14, 12, 24, 22, 17, 19, 21, 25, 23, 27, 30, 28, 26, 31, 29, 32]
J3036_1.RCP 66 [1, 3, 4, 5, 8, 6, 7, 12, 2, 10, 11, 15, 9, 14, 19, 20, 17, 21, 13, 27, 18, 22, 23, 26, 24, 25, 16, 28, 31, 30, 29, 32]
J3036_2.RCP 44 [1, 3, 2, 4, 16, 5, 9, 6, 8, 13, 11, 20, 10, 7, 14, 12, 27, 18, 21, 15, 19, 22, 17, 30, 23, 24, 26, 25, 28, 29, 31, 32]
J3036_3.RCP 61 [1, 2, 3, 4, 6, 8, 5, 13, 9, 16, 15, 10, 7, 20, 18, 11, 17, 24, 21, 25, 12, 23, 19, 14, 26, 22, 30, 27, 28, 31, 29, 32]
J3036_4.RCP 59 [1, 2, 3, 4, 9, 7, 11, 6, 5, 10, 13, 8, 17, 18, 16, 14, 12, 15, 23, 20, 24, 21, 25, 26, 22, 28, 19, 31, 30, 27, 29, 32]
J3036_5.RCP 64 [1, 3, 4, 2, 8, 5, 10, 16, 11, 6, 7, 14, 9, 13, 20, 15, 17, 12, 19, 21, 25, 18, 23, 26, 24, 29, 22, 27, 28, 31, 30, 32]
J3036_6.RCP 46 [1, 3, 2, 4, 6, 7, 12, 10, 5, 8, 13, 14, 15, 16, 11, 9, 28, 17, 21, 18, 23, 24, 19, 20, 27, 25, 22, 30, 29, 26, 31, 32]
J3036_7.RCP 56 [1, 4, 2, 3, 5, 11, 7, 19, 10, 16, 6, 8, 12, 17, 15, 21, 13, 14, 18, 9, 20, 22, 25, 27, 23, 24, 29, 28, 26, 31, 30, 32]
J3036_8.RCP 63 [1, 4, 2, 3, 8, 5, 30, 6, 13, 7, 9, 10, 15, 16, 24, 18, 12, 14, 20, 11, 19, 22, 17, 26, 23, 21, 25, 27, 28, 31, 29, 32]
J3036_9.RCP 59 [1, 2, 3, 4, 8, 6, 5, 18, 7, 9, 10, 12, 13, 11, 15, 17, 22, 20, 24, 14, 25, 26, 27, 28, 23, 19, 16, 21, 29, 30, 31, 32]
J3036_10.RCP 59 [1, 2, 3, 4, 11, 6, 5, 9, 7, 8, 14, 10, 15, 12, 16, 17, 23, 13, 21, 20, 18, 19, 22, 24, 27, 25, 26, 28, 31, 29, 30, 32]
J3037_1.RCP 80 [1, 3, 4, 2, 7, 10, 6, 9, 8, 11, 14, 15, 5, 13, 18, 17, 12, 16, 22, 20, 25, 19, 21, 27, 24, 29, 23, 31, 28, 26, 30, 32]
J3037_2.RCP 69 [1, 4, 3, 11, 7, 2, 6, 13, 5, 8, 9, 12, 16, 10, 17, 15, 18, 20, 14, 23, 19, 22, 21, 30, 25, 27, 24, 26, 31, 28, 29, 32]
J3037_3.RCP 81 [1, 2, 3, 7, 4, 5, 10, 13, 11, 9, 16, 6, 15, 19, 18, 12, 17, 21, 8, 20, 26, 27, 14, 22, 23, 28, 24, 31, 25, 29, 30, 32]
J3037_4.RCP 83 [1, 2, 3, 5, 6, 10, 7, 9, 11, 4, 8, 14, 15, 13, 12, 22, 24, 25, 17, 19, 18, 16, 20, 26, 21, 28, 29, 23, 27, 31, 30, 32]
J3037_5.RCP 80 [1, 3, 2, 7, 4, 6, 5, 10, 9, 14, 11, 12, 15, 8, 20, 16, 19, 18, 13, 22, 17, 27, 21, 24, 23, 28, 26, 30, 25, 31, 29, 32]
J3037_6.RCP 73 [1, 4, 2, 6, 7, 3, 5, 15, 8, 9, 11, 14, 20, 10, 17, 21, 12, 18, 16, 19, 22, 13, 24, 25, 23, 27, 28, 26, 31, 30, 29, 32]
J3037_7.RCP 95 [1, 2, 4, 8, 5, 11, 6, 7, 10, 14, 12, 22, 17, 3, 9, 15, 19, 16, 23, 21, 13, 20, 25, 28, 18, 24, 27, 29, 26, 30, 31, 32]
J3037_8.RCP 72 [1, 4, 3, 2, 5, 9, 6, 7, 16, 11, 20, 10, 8, 13, 12, 18, 17, 19, 22, 14, 15, 23, 25, 27, 21, 28, 24, 29, 30, 26, 31, 32]
J3037_9.RCP 57 [1, 2, 3, 4, 5, 17, 8, 6, 18, 10, 7, 12, 13, 16, 9, 11, 15, 14, 23, 19, 24, 20, 27, 21, 25, 26, 22, 30, 28, 31, 29, 32]
J3037_10.RCP 81 [1, 4, 7, 2, 8, 3, 6, 9, 11, 19, 13, 27, 10, 14, 17, 15, 5, 21, 25, 20, 16, 22, 18, 23, 26, 28, 12, 24, 29, 30, 31, 32]
J3038_1.RCP 48 [1, 2, 3, 4, 5, 7, 6, 12, 11, 20, 9, 8, 14, 10, 15, 13, 16, 17, 18, 21, 24, 22, 19, 28, 23, 27, 25, 26, 31, 29, 30, 32]
J3038_2.RCP 54 [1, 4, 3, 2, 6, 7, 5, 10, 14, 9, 11, 8, 12, 19, 24, 13, 18, 17, 15, 16, 21, 30, 22, 26, 20, 23, 28, 27, 25, 31, 29, 32]
J3038_3.RCP 59 [1, 2, 3, 4, 5, 8, 6, 11, 9, 14, 13, 10, 20, 15, 7, 18, 12, 27, 17, 19, 21, 23, 22, 25, 28, 26, 31, 16, 24, 30, 29, 32]
J3038_4.RCP 59 [1, 4, 3, 7, 5, 16, 2, 8, 6, 9, 10, 13, 15, 12, 14, 17, 11, 31, 21, 20, 22, 18, 19, 28, 24, 26, 23, 27, 29, 25, 30, 32]
J3038_5.RCP 71 [1, 3, 2, 7, 8, 5, 11, 10, 9, 16, 4, 12, 19, 6, 13, 22, 18, 23, 15, 28, 17, 14, 24, 21, 30, 20, 27, 26, 25, 31, 29, 32]
J3038_6.RCP 63 [1, 3, 4, 8, 2, 9, 6, 15, 5, 16, 18, 11, 7, 12, 10, 13, 14, 24, 26, 17, 29, 19, 20, 27, 21, 22, 23, 31, 25, 28, 30, 32]
J3038_7.RCP 65 [1, 2, 3, 5, 9, 4, 6, 8, 13, 11, 20, 19, 10, 15, 12, 18, 7, 16, 23, 14, 21, 17, 22, 26, 24, 25, 27, 28, 30, 31, 29, 32]
J3038_8.RCP 61 [1, 2, 3, 4, 5, 9, 6, 8, 7, 10, 12, 18, 15, 11, 13, 21, 19, 24, 14, 17, 20, 16, 26, 23, 29, 27, 22, 28, 25, 31, 30, 32]
J3038_9.RCP 63 [1, 3, 4, 2, 5, 26, 11, 8, 6, 16, 14, 13, 7, 9, 12, 10, 19, 15, 17, 23, 20, 18, 28, 22, 21, 25, 24, 30, 31, 27, 29, 32]
J3038_10.RCP 60 [1, 2, 4, 3, 5, 6, 7, 11, 10, 12, 14, 8, 9, 16, 13, 18, 20, 15, 17, 23, 24, 25, 21, 22, 19, 27, 30, 28, 31, 26, 29, 32]
J3039_1.RCP 55 [1, 4, 6, 3, 7, 2, 8, 12, 10, 5, 9, 13, 11, 20, 24, 18, 15, 14, 25, 19, 17, 23, 16, 26, 21, 28, 31, 22, 27, 30, 29, 32]
J3039_2.RCP 54 [1, 2, 3, 5, 4, 6, 7, 10, 13, 8, 9, 11, 20, 14, 15, 16, 12, 17, 22, 23, 19, 26, 18, 28, 25, 21, 30, 27, 24, 29, 31, 32]
J3039_3.RCP 54 [1, 3, 2, 4, 7, 5, 10, 6, 12, 11, 8, 14, 15, 13, 19, 9, 21, 18, 20, 23, 16, 24, 22, 17, 28, 27, 25, 29, 30, 26, 31, 32]
J3039_4.RCP 53 [1, 3, 2, 5, 4, 8, 13, 9, 7, 11, 10, 14, 16, 17, 6, 12, 15, 23, 19, 18, 28, 21, 24, 20, 26, 31, 25, 27, 22, 30, 29, 32]
J3039_5.RCP 55 [1, 4, 2, 8, 3, 7, 15, 5, 6, 23, 9, 10, 16, 14, 17, 24, 11, 12, 22, 13, 19, 21, 18, 26, 27, 20, 25, 29, 28, 31, 30, 32]
J3039_6.RCP 69 [1, 2, 3, 22, 6, 4, 7, 5, 8, 10, 14, 11, 15, 13, 17, 16, 12, 18, 23, 19, 26, 9, 20, 24, 28, 30, 21, 27, 25, 31, 29, 32]
J3039_7.RCP 56 [1, 2, 4, 3, 9, 7, 8, 13, 11, 5, 6, 17, 10, 12, 14, 20, 16, 15, 19, 18, 22, 21, 23, 26, 27, 24, 28, 25, 31, 29, 30, 32]
J3039_8.RCP 67 [1, 2, 3, 4, 8, 5, 6, 15, 10, 11, 12, 7, 21, 9, 14, 13, 19, 16, 18, 20, 25, 17, 24, 26, 28, 22, 23, 27, 29, 31, 30, 32]
J3039_9.RCP 64 [1, 4, 2, 3, 6, 10, 14, 5, 7, 11, 9, 15, 12, 13, 16, 8, 17, 18, 22, 21, 20, 19, 24, 23, 25, 26, 28, 31, 29, 27, 30, 32]
J3039_10.RCP 60 [1, 3, 4, 12, 5, 2, 6, 7, 14, 18, 8, 17, 9, 13, 15, 10, 20, 11, 16, 22, 19, 21, 23, 24, 31, 25, 28, 30, 26, 27, 29, 32]
